Now: 19/09/2023 11:14:12
Battery Level: 1.3V
MiniCTD: S/N 58934
Site info: 2023_SAMAO_19SEP
Calibrated: 22/02/2017
Latitude: 21.361392
Mode: M1
Tare: 9.2906
Pressure units: dBar
00.000	26.634	-0.016
-0.002	26.635	-0.017
-0.003	26.637	-0.016
00.000	26.642	-0.016
-0.001	26.642	-0.017
00.000	26.645	-0.017
00.000	26.660	-0.017
-0.002	26.676	-0.016
-0.000	26.693	-0.016
-0.001	26.710	-0.016
-0.000	26.728	-0.016
-0.001	26.748	-0.017
-0.001	26.767	-0.016
00.001	26.785	-0.016
00.001	26.800	-0.016
-0.000	26.818	-0.016
-0.002	26.833	-0.017
00.001	26.846	-0.017
00.000	26.860	-0.016
-0.001	26.877	-0.017
-0.001	26.892	-0.017
-0.002	26.900	-0.017
00.001	26.909	-0.017
-0.002	26.919	-0.016
-0.001	26.930	-0.016
00.001	26.939	-0.016
-0.000	26.945	-0.016
-0.002	26.954	-0.016
00.000	26.963	-0.017
-0.001	26.972	-0.016
-0.003	26.981	-0.016
-0.002	26.988	-0.017
-0.003	26.995	-0.016
00.001	27.004	-0.017
00.001	27.011	-0.016
-0.000	27.018	-0.016
-0.004	27.023	-0.016
00.001	27.034	-0.017
-0.003	27.041	-0.016
-0.004	27.054	-0.016
00.001	27.062	-0.017
00.001	27.067	-0.017
-0.002	27.071	-0.017
00.001	27.074	-0.017
-0.001	27.076	-0.016
-0.000	27.079	-0.017
-0.002	27.079	-0.016
-0.001	27.081	-0.016
-0.003	27.086	-0.016
00.001	27.091	-0.016
-0.002	27.098	-0.017
-0.002	27.104	-0.017
-0.001	27.111	-0.016
00.001	27.116	-0.017
00.000	27.120	-0.016
-0.004	27.127	-0.016
-0.002	27.133	-0.017
-0.001	27.143	-0.017
-0.001	27.154	-0.016
00.001	27.157	-0.017
00.002	27.154	-0.017
-0.001	27.152	-0.016
00.001	27.150	-0.017
-0.002	27.150	-0.017
-0.002	27.151	-0.017
00.000	27.153	-0.017
-0.001	27.151	-0.017
-0.001	27.150	-0.017
00.000	27.151	-0.017
-0.000	27.162	-0.017
-0.002	27.180	-0.016
00.001	27.198	-0.017
00.001	27.215	-0.016
00.001	27.229	-0.016
00.000	27.241	-0.017
00.001	27.249	-0.016
00.000	27.258	-0.017
-0.002	27.268	-0.016
-0.002	27.275	-0.016
-0.001	27.283	-0.017
00.001	27.290	-0.016
00.001	27.296	-0.016
00.001	27.303	-0.016
-0.001	27.308	-0.017
-0.001	27.317	-0.016
-0.001	27.325	-0.017
00.001	27.332	-0.016
-0.000	27.336	-0.016
-0.000	27.337	-0.017
-0.000	27.341	-0.016
00.001	27.333	-0.017
-0.001	27.335	-0.016
-0.001	27.354	-0.017
-0.000	27.355	-0.017
-0.001	27.356	-0.017
-0.001	27.363	-0.016
-0.001	27.367	-0.016
00.000	27.367	-0.017
00.000	27.375	-0.017
-0.000	27.385	-0.017
-0.000	27.395	-0.016
00.001	27.405	-0.017
-0.002	27.412	-0.017
-0.001	27.419	-0.017
-0.000	27.425	-0.018
00.001	27.430	-0.016
00.000	27.438	-0.017
00.000	27.446	-0.017
-0.001	27.452	-0.017
-0.000	27.460	-0.017
-0.002	27.474	-0.017
-0.002	27.481	-0.017
-0.001	27.484	-0.017
-0.002	27.484	-0.017
-0.002	27.499	-0.017
-0.001	27.510	-0.016
-0.001	27.509	-0.017
-0.002	27.519	-0.017
-0.002	27.526	-0.017
00.001	27.531	-0.016
-0.000	27.537	-0.016
-0.002	27.547	-0.017
-0.001	27.556	-0.017
-0.002	27.558	-0.017
-0.001	27.565	-0.017
00.000	27.575	-0.017
-0.001	27.582	-0.016
-0.002	27.587	-0.017
-0.002	27.596	-0.017
-0.002	27.601	-0.016
-0.001	27.601	-0.017
00.001	27.581	-0.017
-0.002	27.572	-0.016
-0.001	27.579	-0.017
-0.001	27.585	-0.017
-0.003	27.587	-0.016
-0.000	27.588	-0.017
-0.000	27.608	-0.016
-0.002	27.627	-0.016
-0.001	27.653	-0.017
-0.002	27.650	-0.017
-0.000	27.652	-0.017
-0.004	27.661	-0.017
-0.003	27.662	-0.017
-0.001	27.678	-0.017
-0.000	27.697	-0.017
-0.003	27.713	-0.017
-0.002	27.728	-0.017
-0.002	27.737	-0.017
-0.001	27.747	-0.017
-0.002	27.754	-0.017
-0.002	27.759	-0.017
00.000	27.757	-0.016
-0.001	27.743	-0.016
-0.001	27.749	-0.017
-0.003	27.760	-0.016
-0.001	27.770	-0.017
-0.001	27.768	-0.017
-0.001	27.772	-0.017
-0.002	27.774	-0.017
00.000	27.785	-0.017
-0.002	27.798	-0.017
00.001	27.807	-0.017
-0.003	27.818	-0.017
-0.001	27.826	-0.017
-0.001	27.837	-0.017
-0.000	27.845	-0.017
-0.003	27.851	-0.017
-0.001	27.854	-0.017
-0.002	27.856	-0.017
00.000	27.863	-0.016
00.001	27.869	-0.017
-0.001	27.872	-0.016
-0.000	27.881	-0.017
-0.002	27.887	-0.017
-0.001	27.895	-0.016
-0.003	27.901	-0.016
-0.001	27.904	-0.017
-0.001	27.911	-0.017
-0.003	27.921	-0.016
-0.001	27.930	-0.016
-0.000	27.937	-0.017
-0.003	27.946	-0.017
-0.003	27.954	-0.017
-0.002	27.961	-0.017
00.001	27.968	-0.016
-0.001	27.976	-0.017
00.000	27.984	-0.017
-0.001	27.991	-0.016
00.000	27.998	-0.016
-0.001	27.999	-0.017
-0.001	28.003	-0.016
-0.004	28.009	-0.016
-0.000	28.014	-0.016
00.002	28.019	-0.016
-0.001	28.024	-0.016
-0.000	28.028	-0.017
-0.003	28.038	-0.017
00.000	28.045	-0.016
-0.000	28.051	-0.016
-0.003	28.054	-0.017
00.000	28.054	-0.017
-0.002	28.064	-0.017
-0.000	28.071	-0.017
00.001	28.079	-0.017
-0.000	28.089	-0.017
00.001	28.093	-0.017
00.000	28.096	-0.016
-0.000	28.104	-0.017
-0.001	28.110	-0.017
-0.001	28.119	-0.017
-0.000	28.129	-0.017
-0.001	28.134	-0.016
-0.002	28.139	-0.017
-0.002	28.146	-0.017
-0.002	28.146	-0.017
-0.000	28.150	-0.017
-0.000	28.157	-0.016
00.000	28.158	-0.016
-0.000	28.160	-0.017
-0.001	28.165	-0.016
-0.001	28.170	-0.017
-0.002	28.179	-0.017
-0.002	28.189	-0.017
00.000	28.196	-0.017
00.000	28.202	-0.017
-0.000	28.211	-0.016
-0.001	28.218	-0.017
-0.000	28.229	-0.017
-0.000	28.240	-0.016
-0.002	28.246	-0.017
-0.001	28.253	-0.016
-0.000	28.262	-0.017
-0.002	28.269	-0.017
-0.002	28.280	-0.017
-0.003	28.284	-0.018
-0.000	28.283	-0.017
-0.000	28.280	-0.017
-0.001	28.281	-0.016
-0.000	28.277	-0.017
-0.000	28.279	-0.017
-0.001	28.292	-0.017
00.001	28.299	-0.017
00.001	28.304	-0.017
-0.002	28.309	-0.017
-0.001	28.319	-0.017
-0.000	28.331	-0.017
-0.000	28.338	-0.017
00.001	28.350	-0.017
-0.002	28.356	-0.017
-0.002	28.364	-0.017
-0.002	28.372	-0.017
-0.001	28.384	-0.017
00.000	28.392	-0.016
-0.002	28.399	-0.016
-0.003	28.404	-0.017
-0.003	28.403	-0.017
-0.003	28.409	-0.017
-0.003	28.416	-0.016
-0.001	28.423	-0.017
-0.002	28.432	-0.017
-0.002	28.441	-0.017
-0.002	28.453	-0.017
-0.002	28.464	-0.017
-0.001	28.469	-0.016
-0.002	28.476	-0.017
-0.001	28.481	-0.017
-0.001	28.486	-0.017
-0.001	28.492	-0.016
-0.000	28.496	-0.017
-0.003	28.499	-0.017
-0.002	28.502	-0.017
-0.001	28.503	-0.017
-0.004	28.508	-0.016
-0.002	28.513	-0.017
-0.003	28.508	-0.016
-0.000	28.509	-0.017
-0.001	28.518	-0.017
-0.001	28.523	-0.017
-0.003	28.534	-0.017
-0.003	28.537	-0.017
00.000	28.542	-0.017
-0.001	28.557	-0.017
-0.001	28.570	-0.017
-0.002	28.582	-0.017
-0.002	28.594	-0.016
-0.000	28.600	-0.017
-0.001	28.602	-0.017
-0.002	28.607	-0.017
-0.000	28.618	-0.017
-0.000	28.615	-0.017
-0.002	28.606	-0.017
-0.004	28.603	-0.016
-0.002	28.604	-0.017
-0.002	28.610	-0.017
-0.002	28.611	-0.017
-0.003	28.622	-0.017
-0.001	28.631	-0.016
-0.000	28.643	-0.016
-0.002	28.652	-0.017
-0.001	28.667	-0.017
-0.001	28.678	-0.017
-0.005	28.684	-0.017
-0.004	28.689	-0.017
-0.002	28.689	-0.016
-0.002	28.692	-0.017
-0.002	28.697	-0.017
-0.001	28.693	-0.017
-0.002	28.694	-0.017
00.001	28.706	-0.017
-0.002	28.722	-0.017
-0.000	28.737	-0.017
00.001	28.748	-0.016
-0.001	28.749	-0.016
-0.001	28.757	-0.017
-0.002	28.765	-0.017
-0.003	28.775	-0.017
-0.002	28.784	-0.017
-0.001	28.795	-0.017
-0.001	28.808	-0.017
-0.000	28.817	-0.017
-0.001	28.827	-0.017
-0.002	28.835	-0.017
-0.002	28.840	-0.017
-0.002	28.845	-0.017
-0.001	28.848	-0.017
-0.001	28.853	-0.017
-0.002	28.860	-0.017
-0.002	28.867	-0.017
-0.002	28.870	-0.017
-0.000	28.873	-0.017
00.001	28.872	-0.017
-0.000	28.874	-0.017
-0.002	28.875	-0.017
-0.001	28.878	-0.017
00.001	28.870	-0.017
00.000	28.872	-0.017
-0.001	28.868	-0.016
-0.002	28.874	-0.017
-0.001	28.882	-0.017
-0.002	28.893	-0.017
-0.002	28.920	-0.017
-0.001	29.020	-0.017
-0.004	29.116	-0.016
-0.001	29.202	-0.017
-0.001	29.275	-0.017
-0.000	29.342	-0.016
00.001	29.400	-0.016
00.000	29.453	-0.017
-0.002	29.498	-0.017
-0.001	29.544	-0.017
-0.001	29.593	-0.017
-0.000	29.640	-0.017
00.000	29.679	-0.017
-0.001	29.717	-0.016
-0.001	29.753	-0.016
-0.001	29.785	-0.017
-0.001	29.813	-0.016
-0.004	29.840	-0.017
-0.000	29.866	-0.017
-0.000	29.877	-0.017
-0.001	29.891	-0.016
-0.000	29.855	-0.017
-0.003	29.795	-0.017
-0.000	29.827	-0.016
-0.001	29.859	-0.017
00.000	29.882	-0.017
-0.002	29.900	-0.017
-0.002	29.919	-0.017
-0.002	29.941	-0.016
-0.002	29.959	-0.017
-0.001	29.972	-0.018
-0.001	29.986	-0.017
-0.002	29.982	-0.017
-0.001	29.998	-0.018
-0.002	30.014	-0.017
-0.002	29.977	-0.017
-0.000	29.956	-0.017
-0.001	29.958	-0.017
-0.001	29.940	-0.017
-0.003	29.955	-0.017
-0.002	29.916	-0.017
-0.002	29.822	-0.018
-0.003	29.728	-0.017
-0.003	29.666	-0.017
-0.001	29.597	-0.017
00.000	29.536	-0.017
-0.000	29.496	-0.017
-0.000	29.461	-0.017
-0.001	29.421	-0.017
-0.001	29.359	-0.017
-0.004	29.323	-0.016
-0.000	29.307	-0.017
-0.002	29.280	-0.017
-0.001	29.259	-0.017
-0.001	29.242	-0.017
-0.001	29.239	-0.017
-0.001	29.243	-0.017
-0.003	29.249	-0.017
-0.001	29.243	-0.017
-0.003	29.229	-0.017
-0.001	29.197	-0.017
-0.002	29.176	-0.017
-0.001	29.158	-0.017
-0.002	29.152	-0.017
-0.003	29.141	-0.017
-0.001	29.115	-0.017
-0.001	29.069	-0.017
-0.002	29.008	-0.017
00.001	28.947	-0.017
-0.003	28.901	-0.017
-0.001	28.866	-0.017
00.002	28.839	-0.017
00.003	28.824	-0.017
-0.001	28.797	-0.017
00.000	28.778	-0.017
00.000	28.766	-0.017
-0.001	28.759	-0.017
00.002	28.761	-0.017
-0.000	28.770	-0.018
00.001	28.784	-0.017
00.001	28.798	-0.017
00.001	28.811	-0.018
00.001	28.822	-0.017
00.005	28.821	-0.016
00.004	28.819	-0.017
00.002	28.819	-0.017
00.003	28.810	-0.017
00.005	28.804	-0.017
00.004	28.819	-0.016
00.004	28.845	-0.017
00.004	28.868	-0.016
00.005	28.879	-0.017
00.002	28.892	-0.017
00.000	28.910	-0.018
00.001	28.927	-0.017
00.003	28.942	-0.017
00.003	28.958	-0.017
00.002	28.978	-0.017
00.003	29.002	-0.017
00.003	29.022	-0.017
00.005	29.038	-0.018
00.002	29.057	-0.017
00.002	29.073	-0.017
00.007	29.077	-0.017
00.008	29.088	-0.017
00.003	29.094	-0.017
00.003	29.092	-0.017
00.003	29.105	-0.017
00.002	29.119	-0.017
00.002	29.150	-0.016
00.003	29.197	-0.017
00.004	29.203	-0.017
00.002	29.191	-0.017
00.004	29.178	-0.017
00.003	29.185	-0.017
00.004	29.188	-0.017
00.002	29.196	-0.018
00.003	29.190	-0.017
00.003	29.169	-0.017
00.003	29.162	-0.017
00.002	29.163	-0.017
00.002	29.172	-0.018
00.000	29.172	-0.017
00.002	29.181	-0.017
00.003	29.208	-0.017
00.004	29.243	-0.017
00.004	29.294	-0.017
00.004	29.322	-0.017
00.003	29.345	-0.016
00.004	29.345	-0.017
00.002	29.337	-0.017
00.004	29.314	-0.016
00.004	29.286	-0.017
00.003	29.264	-0.017
00.003	29.246	-0.017
00.005	29.220	-0.017
00.004	29.200	-0.017
00.004	29.189	-0.016
00.005	29.185	-0.017
00.003	29.195	-0.017
00.004	29.227	-0.017
00.004	29.319	-0.017
00.004	29.444	-0.017
00.004	29.546	-0.018
00.004	29.520	-0.017
00.006	29.545	-0.017
00.003	29.587	-0.017
00.002	29.681	-0.017
00.005	29.718	-0.017
00.005	29.654	-0.017
00.005	29.621	-0.017
00.003	29.577	-0.017
00.004	29.534	-0.018
00.005	29.479	-0.017
00.006	29.473	-0.018
00.004	29.489	-0.017
00.003	29.511	-0.017
00.006	29.545	-0.017
00.010	29.546	-0.017
00.012	29.554	-0.017
00.013	29.550	-0.017
00.012	29.538	-0.017
00.014	29.538	-0.017
00.014	29.545	-0.018
00.012	29.546	-0.017
00.014	29.543	-0.016
00.011	29.547	-0.017
00.012	29.547	-0.017
00.012	29.550	-0.017
00.013	29.557	-0.017
00.013	29.566	-0.017
00.012	29.582	-0.017
00.011	29.592	-0.017
00.011	29.599	-0.017
00.011	29.602	-0.017
00.011	29.593	-0.017
00.010	29.579	-0.017
00.013	29.565	-0.017
00.010	29.558	-0.017
00.012	29.548	-0.018
00.012	29.539	-0.017
00.012	29.532	-0.017
00.011	29.532	-0.017
00.010	29.532	-0.016
00.010	29.534	-0.017
00.011	29.544	-0.016
00.012	29.548	-0.017
00.010	29.546	-0.017
00.013	29.535	-0.017
00.010	29.529	-0.017
00.010	29.536	-0.017
00.011	29.538	-0.017
00.012	29.534	-0.017
00.010	29.537	-0.017
00.010	29.543	-0.017
00.010	29.555	-0.017
00.009	29.572	-0.017
00.011	29.590	-0.017
00.010	29.645	-0.017
00.011	29.684	-0.017
00.011	29.706	-0.016
00.010	29.687	-0.017
00.009	29.671	-0.017
00.010	29.661	-0.016
00.011	29.658	-0.017
00.011	29.660	-0.017
00.009	29.669	-0.017
00.011	29.694	-0.017
00.011	29.716	-0.016
00.011	29.738	-0.016
00.012	29.770	-0.017
00.010	29.796	-0.018
00.008	29.811	-0.017
00.009	29.833	-0.016
00.009	29.858	-0.017
00.010	29.880	-0.017
00.010	29.897	-0.017
00.012	29.910	-0.017
00.010	29.915	-0.017
00.012	29.917	-0.017
00.011	29.922	-0.017
00.012	29.932	-0.017
00.011	29.952	-0.017
00.008	29.954	-0.017
00.011	29.958	-0.017
00.012	29.967	-0.017
00.011	29.958	-0.017
00.010	29.956	-0.017
00.013	29.948	-0.018
00.011	29.944	-0.017
00.013	29.951	-0.018
00.012	29.962	-0.017
00.011	29.967	-0.017
00.010	29.961	-0.017
00.012	29.950	-0.017
00.010	29.941	-0.017
00.012	29.931	-0.017
00.012	29.924	-0.018
00.013	29.919	-0.018
00.011	29.914	-0.017
00.012	29.907	-0.017
00.011	29.902	-0.017
00.011	29.896	-0.017
00.008	29.896	-0.018
00.009	29.894	-0.017
00.009	29.894	-0.017
00.009	29.893	-0.017
00.012	29.897	-0.017
00.007	29.904	-0.018
00.010	29.907	-0.018
00.011	29.919	-0.017
00.010	29.935	-0.018
00.011	29.955	-0.018
00.010	29.977	-0.017
00.012	29.987	-0.017
00.010	30.007	-0.018
00.009	30.022	-0.017
00.010	30.039	-0.017
00.011	30.054	-0.017
00.012	30.066	-0.017
00.011	30.077	-0.017
00.011	30.090	-0.017
00.012	30.103	-0.017
00.010	30.116	-0.017
00.012	30.123	-0.017
00.011	30.122	-0.017
00.012	30.119	-0.017
00.011	30.130	-0.017
00.010	30.132	-0.016
00.011	30.127	-0.017
00.010	30.120	-0.017
00.011	30.113	-0.017
00.012	30.105	-0.017
00.010	30.108	-0.016
00.011	30.125	-0.018
00.010	30.158	-0.018
00.011	30.197	-0.017
00.011	30.225	-0.017
00.011	30.257	-0.018
00.011	30.299	-0.017
00.011	30.318	-0.017
00.011	30.314	-0.017
00.008	30.294	-0.017
00.012	30.270	-0.017
00.009	30.257	-0.017
00.010	30.238	-0.018
00.011	30.247	-0.017
00.009	30.276	-0.017
00.011	30.315	-0.017
00.009	30.346	-0.017
00.011	30.374	-0.017
00.009	30.403	-0.018
00.012	30.430	-0.017
00.011	30.453	-0.017
00.011	30.469	-0.017
00.011	30.487	-0.017
00.013	30.500	-0.017
00.011	30.519	-0.017
00.011	30.540	-0.017
00.011	30.563	-0.017
00.011	30.573	-0.018
00.011	30.558	-0.017
00.012	30.545	-0.017
00.011	30.533	-0.018
00.012	30.505	-0.017
00.010	30.500	-0.018
00.012	30.507	-0.017
00.012	30.495	-0.017
00.011	30.481	-0.018
00.011	30.482	-0.017
00.011	30.486	-0.017
00.011	30.485	-0.018
00.012	30.494	-0.017
00.011	30.501	-0.017
00.010	30.518	-0.018
00.012	30.532	-0.017
00.011	30.547	-0.018
00.010	30.569	-0.017
00.012	30.589	-0.017
00.010	30.605	-0.018
00.012	30.620	-0.018
00.013	30.643	-0.018
00.011	30.660	-0.018
00.013	30.679	-0.017
00.011	30.697	-0.017
00.010	30.700	-0.017
00.010	30.707	-0.018
00.011	30.728	-0.017
00.012	30.748	-0.017
00.011	30.751	-0.017
00.011	30.734	-0.018
00.011	30.704	-0.017
00.012	30.680	-0.018
00.010	30.661	-0.017
00.012	30.646	-0.017
00.011	30.641	-0.017
00.013	30.640	-0.018
00.012	30.663	-0.018
00.012	30.668	-0.018
00.013	30.674	-0.018
00.013	30.665	-0.017
00.012	30.659	-0.018
00.011	30.660	-0.018
00.011	30.669	-0.017
00.011	30.679	-0.017
00.011	30.702	-0.018
00.012	30.733	-0.018
00.011	30.766	-0.017
00.011	30.789	-0.017
00.013	30.783	-0.017
00.012	30.759	-0.017
00.013	30.727	-0.018
00.013	30.712	-0.018
00.011	30.700	-0.017
00.011	30.698	-0.018
00.012	30.704	-0.017
00.013	30.728	-0.017
00.012	30.762	-0.018
00.013	30.785	-0.018
00.013	30.800	-0.017
00.012	30.809	-0.017
00.012	30.814	-0.018
00.012	30.827	-0.018
00.011	30.839	-0.017
00.010	30.848	-0.018
00.009	30.860	-0.018
00.013	30.869	-0.018
00.013	30.849	-0.018
00.013	30.840	-0.017
00.013	30.844	-0.018
00.013	30.862	-0.018
00.012	30.869	-0.018
00.013	30.880	-0.018
00.012	30.892	-0.018
00.012	30.909	-0.018
00.012	30.925	-0.018
00.012	30.936	-0.018
00.011	30.926	-0.018
00.012	30.925	-0.017
00.010	30.921	-0.018
00.011	30.924	-0.018
00.012	30.920	-0.017
00.012	30.914	-0.018
00.009	30.921	-0.018
00.012	30.932	-0.018
00.013	30.939	-0.018
00.011	30.956	-0.018
00.012	30.971	-0.017
00.011	30.988	-0.018
00.011	31.000	-0.018
00.011	31.009	-0.018
00.011	31.024	-0.017
00.011	31.037	-0.018
00.010	31.048	-0.018
00.012	31.040	-0.018
00.011	31.019	-0.019
00.012	31.013	-0.018
00.011	31.016	-0.018
00.012	31.012	-0.018
00.010	31.011	-0.018
00.012	31.019	-0.018
00.012	31.037	-0.017
00.011	31.050	-0.018
00.010	31.057	-0.018
00.012	31.071	-0.018
00.010	31.070	-0.018
00.010	31.074	-0.018
00.012	31.092	-0.019
00.011	31.099	-0.018
00.009	31.108	-0.017
00.010	31.123	-0.018
00.010	31.136	-0.017
00.011	31.135	-0.018
00.010	31.140	-0.018
00.010	31.138	-0.018
00.010	31.146	-0.017
00.011	31.151	-0.017
00.009	31.152	-0.018
00.009	31.146	-0.018
00.011	31.141	-0.018
00.012	31.137	-0.018
00.012	31.144	-0.017
00.010	31.159	-0.018
00.012	31.169	-0.017
00.009	31.182	-0.017
00.013	31.195	-0.018
00.010	31.216	-0.018
00.010	31.248	-0.018
00.010	31.248	-0.018
00.011	31.241	-0.018
00.012	31.250	-0.018
00.012	31.254	-0.017
00.010	31.270	-0.018
00.013	31.296	-0.018
00.011	31.319	-0.018
00.012	31.337	-0.018
00.011	31.353	-0.018
00.013	31.365	-0.018
00.010	31.378	-0.018
00.012	31.372	-0.018
00.013	31.373	-0.018
00.011	31.381	-0.018
00.010	31.380	-0.018
00.012	31.389	-0.018
00.012	31.393	-0.017
00.011	31.406	-0.018
00.010	31.421	-0.018
00.013	31.441	-0.018
00.012	31.454	-0.018
00.011	31.452	-0.018
00.012	31.447	-0.018
00.011	31.439	-0.018
00.012	31.434	-0.018
00.012	31.413	-0.018
00.012	31.409	-0.018
00.012	31.413	-0.018
00.010	31.427	-0.017
00.012	31.442	-0.017
00.010	31.432	-0.017
00.012	31.415	-0.018
00.012	31.402	-0.018
00.014	31.399	-0.018
00.012	31.406	-0.018
00.013	31.402	-0.017
00.013	31.400	-0.018
00.012	31.391	-0.018
00.011	31.403	-0.018
00.012	31.426	-0.018
00.012	31.432	-0.018
00.012	31.443	-0.018
00.011	31.456	-0.018
00.012	31.473	-0.018
00.013	31.480	-0.018
00.011	31.478	-0.018
00.011	31.499	-0.018
00.012	31.510	-0.019
00.008	31.507	-0.018
00.013	31.498	-0.018
00.011	31.492	-0.018
00.011	31.491	-0.018
00.010	31.472	-0.019
00.013	31.470	-0.018
00.010	31.478	-0.018
00.010	31.484	-0.018
00.012	31.496	-0.018
00.012	31.501	-0.018
00.012	31.492	-0.018
00.010	31.471	-0.018
00.012	31.451	-0.017
00.012	31.440	-0.018
00.012	31.442	-0.017
00.011	31.457	-0.017
00.011	31.470	-0.018
00.011	31.477	-0.018
00.010	31.488	-0.018
00.010	31.486	-0.018
00.012	31.467	-0.017
00.013	31.451	-0.018
00.012	31.435	-0.018
00.010	31.429	-0.018
00.011	31.421	-0.018
00.013	31.422	-0.018
00.011	31.428	-0.018
00.011	31.436	-0.018
00.011	31.441	-0.018
00.010	31.446	-0.018
00.010	31.451	-0.018
00.011	31.444	-0.018
00.011	31.427	-0.017
00.011	31.420	-0.018
00.011	31.423	-0.018
00.011	31.429	-0.018
00.012	31.431	-0.018
00.010	31.436	-0.018
00.012	31.447	-0.019
00.011	31.452	-0.018
00.011	31.469	-0.018
00.012	31.486	-0.018
00.012	31.486	-0.018
00.012	31.492	-0.018
00.010	31.502	-0.018
00.012	31.510	-0.018
00.012	31.520	-0.018
00.010	31.525	-0.018
00.011	31.526	-0.018
00.012	31.537	-0.018
00.010	31.542	-0.018
00.011	31.534	-0.018
00.010	31.526	-0.018
00.013	31.523	-0.019
00.012	31.521	-0.017
00.012	31.527	-0.018
00.009	31.533	-0.018
00.002	31.535	-0.018
-0.001	31.540	-0.018
00.005	31.599	-0.018
00.005	31.617	-0.018
00.002	31.626	-0.018
00.004	31.639	-0.018
00.003	31.648	-0.018
00.005	31.657	-0.017
00.003	31.667	-0.017
00.002	31.670	-0.019
00.005	31.674	-0.018
00.004	31.670	-0.018
00.004	31.663	-0.018
00.005	31.661	-0.017
00.004	31.665	-0.018
00.004	31.667	-0.017
00.003	31.663	-0.018
00.006	31.665	-0.018
00.005	31.670	-0.018
00.004	31.675	-0.017
00.003	31.674	-0.018
00.006	31.678	-0.017
00.005	31.694	-0.018
00.003	31.700	-0.018
00.001	31.708	-0.018
00.004	31.717	-0.018
00.005	31.726	-0.018
00.007	31.735	-0.018
00.004	31.742	-0.018
00.005	31.735	-0.017
00.005	31.732	-0.018
00.004	31.740	-0.018
00.005	31.809	-0.018
00.003	31.925	-0.018
00.004	31.989	-0.018
00.004	32.021	-0.018
00.005	32.038	-0.018
00.004	32.019	-0.018
00.003	32.002	-0.018
00.004	31.988	-0.018
00.006	31.972	-0.018
00.004	31.959	-0.018
00.004	31.948	-0.017
00.005	31.942	-0.018
00.004	31.938	-0.018
00.004	31.931	-0.018
00.004	31.981	-0.018
00.005	32.042	-0.018
00.003	32.058	-0.018
00.005	32.100	-0.018
00.006	32.076	-0.018
00.003	32.094	-0.018
00.005	32.182	-0.018
00.004	32.235	-0.018
00.003	32.301	-0.017
00.006	32.364	-0.018
00.002	32.323	-0.018
00.005	32.272	-0.018
00.004	32.238	-0.018
00.004	32.204	-0.018
00.005	32.172	-0.018
00.005	32.147	-0.018
00.004	32.129	-0.018
00.005	32.110	-0.018
00.005	32.092	-0.018
00.003	32.072	-0.018
00.005	32.061	-0.018
00.004	32.048	-0.018
00.004	32.040	-0.018
00.002	32.034	-0.018
00.004	32.087	-0.018
00.004	32.102	-0.018
00.005	32.086	-0.018
00.004	32.111	-0.018
00.003	32.091	-0.018
00.005	32.072	-0.018
00.007	32.057	-0.018
00.005	32.045	-0.018
00.006	32.035	-0.018
00.005	32.027	-0.018
00.005	32.014	-0.018
00.006	32.007	-0.018
00.003	31.998	-0.018
00.006	31.995	-0.018
00.004	31.988	-0.018
00.003	31.983	-0.018
00.003	31.984	-0.018
00.004	31.982	-0.018
00.001	31.976	-0.018
00.005	31.971	-0.018
00.005	31.970	-0.018
00.004	31.968	-0.019
00.006	32.044	-0.018
00.005	32.082	-0.018
00.005	32.102	-0.018
00.003	32.174	-0.018
00.004	32.204	-0.018
00.004	32.178	-0.017
00.004	32.240	-0.018
00.003	32.293	-0.018
00.004	32.288	-0.018
00.003	32.308	-0.018
00.004	32.366	-0.018
00.005	32.403	-0.018
00.005	32.445	-0.018
00.005	32.455	-0.018
00.005	32.437	-0.018
00.004	32.482	-0.018
00.004	32.539	-0.018
00.004	32.585	-0.018
00.003	32.612	-0.017
00.004	32.551	-0.018
00.003	32.489	-0.018
00.005	32.423	-0.018
00.003	32.354	-0.018
00.005	32.303	-0.018
00.004	32.267	-0.018
00.006	32.237	-0.018
00.005	32.217	-0.018
00.002	32.200	-0.018
00.003	32.186	-0.018
00.002	32.168	-0.018
00.004	32.151	-0.018
00.005	32.136	-0.018
00.005	32.125	-0.018
00.005	32.115	-0.018
00.004	32.105	-0.018
00.005	32.093	-0.018
00.006	32.083	-0.018
00.005	32.081	-0.018
00.005	32.076	-0.018
00.005	32.071	-0.018
00.004	32.061	-0.018
00.005	32.058	-0.018
00.004	32.058	-0.018
00.005	32.058	-0.018
00.006	32.056	-0.017
00.005	32.050	-0.018
00.006	32.048	-0.018
00.004	32.048	-0.018
00.004	32.038	-0.018
00.004	32.030	-0.018
00.002	32.023	-0.018
00.001	32.017	-0.017
00.005	32.021	-0.018
00.005	32.022	-0.018
00.005	32.023	-0.018
00.005	32.020	-0.018
00.005	32.009	-0.018
00.002	32.004	-0.018
00.004	32.003	-0.018
00.006	31.998	-0.018
00.005	31.992	-0.018
00.003	31.990	-0.018
00.006	31.986	-0.018
00.004	31.980	-0.018
00.005	31.984	-0.018
00.005	31.986	-0.017
00.005	31.994	-0.018
00.006	31.998	-0.018
00.005	32.000	-0.018
00.005	32.000	-0.018
00.006	32.001	-0.017
00.006	31.996	-0.018
00.005	31.990	-0.018
00.005	31.985	-0.018
00.002	31.983	-0.018
00.005	31.981	-0.018
00.004	31.979	-0.018
00.004	31.978	-0.018
00.006	31.978	-0.018
00.006	31.982	-0.017
00.004	31.982	-0.018
00.003	31.984	-0.018
00.004	31.987	-0.018
00.004	31.992	-0.018
00.003	31.991	-0.018
00.003	31.986	-0.017
00.003	31.972	-0.018
00.006	31.964	-0.018
00.004	31.960	-0.019
00.004	31.955	-0.018
00.005	31.944	-0.018
00.006	31.928	-0.018
00.005	31.920	-0.018
00.002	31.932	-0.018
00.004	31.946	-0.018
00.005	31.945	-0.018
00.004	31.938	-0.018
00.003	31.937	-0.018
00.005	31.964	-0.017
00.004	31.945	-0.018
00.004	31.916	-0.018
00.004	31.851	-0.018
00.006	31.813	-0.019
00.005	31.773	-0.018
00.004	31.749	-0.018
00.003	31.721	-0.018
00.007	31.695	-0.018
00.004	31.686	-0.018
00.002	31.680	-0.018
00.005	31.673	-0.018
00.006	31.673	-0.018
00.005	31.688	-0.018
00.007	31.695	-0.018
00.004	31.692	-0.019
00.006	31.700	-0.018
00.005	31.709	-0.017
00.003	31.688	-0.018
00.004	31.669	-0.018
00.005	31.651	-0.018
00.005	31.646	-0.018
00.004	31.648	-0.018
00.003	31.643	-0.018
00.005	31.644	-0.018
00.004	31.645	-0.018
00.005	31.667	-0.019
00.005	31.691	-0.018
00.003	31.712	-0.018
00.006	31.707	-0.018
00.002	31.703	-0.018
00.003	31.710	-0.018
00.004	31.716	-0.018
00.003	31.704	-0.017
00.003	31.711	-0.018
00.006	31.732	-0.018
00.006	31.740	-0.018
00.004	31.740	-0.018
00.003	31.740	-0.018
00.004	31.751	-0.018
00.003	31.767	-0.018
00.005	31.774	-0.018
00.003	31.776	-0.018
00.004	31.778	-0.018
00.005	31.782	-0.018
00.005	31.785	-0.018
00.003	31.793	-0.018
00.004	31.805	-0.018
00.005	31.800	-0.018
00.004	31.803	-0.018
00.005	31.810	-0.018
00.004	31.818	-0.018
00.006	31.801	-0.018
00.002	31.768	-0.018
00.003	31.750	-0.018
00.004	31.747	-0.018
00.004	31.739	-0.018
00.006	31.728	-0.018
00.005	31.735	-0.018
00.002	31.735	-0.018
00.005	31.738	-0.018
00.006	31.746	-0.018
00.005	31.759	-0.019
00.003	31.779	-0.018
00.004	31.780	-0.018
00.003	31.774	-0.018
00.005	31.777	-0.018
00.003	31.779	-0.018
00.004	31.784	-0.017
00.005	31.779	-0.018
00.005	31.778	-0.018
00.004	31.769	-0.018
00.005	31.761	-0.018
00.005	31.743	-0.017
00.004	31.723	-0.018
00.002	31.712	-0.018
00.005	31.710	-0.018
00.005	31.718	-0.018
00.003	31.727	-0.018
00.004	31.740	-0.018
00.003	31.752	-0.018
00.003	31.765	-0.018
00.006	31.775	-0.018
00.003	31.799	-0.018
00.004	31.799	-0.018
00.003	31.784	-0.017
00.004	31.759	-0.017
00.005	31.755	-0.018
00.005	31.751	-0.018
00.003	31.733	-0.018
00.005	31.703	-0.018
00.003	31.698	-0.018
00.005	31.714	-0.018
00.005	31.744	-0.018
00.005	31.761	-0.018
00.003	31.773	-0.018
00.004	31.771	-0.019
00.003	31.780	-0.017
00.005	31.796	-0.018
00.004	31.809	-0.018
00.004	31.867	-0.018
00.004	31.923	-0.018
00.005	32.019	-0.018
00.002	32.127	-0.018
00.004	32.235	-0.018
00.005	32.321	-0.018
00.003	32.387	-0.018
00.004	32.431	-0.018
00.003	32.445	-0.018
00.002	32.455	-0.018
00.004	32.451	-0.018
00.004	32.444	-0.018
00.002	32.425	-0.018
00.005	32.437	-0.018
00.004	32.444	-0.018
00.005	32.441	-0.018
00.003	32.448	-0.018
00.003	32.433	-0.018
00.004	32.423	-0.018
00.002	32.413	-0.018
00.003	32.402	-0.018
00.002	32.399	-0.018
00.003	32.407	-0.018
00.003	32.435	-0.018
00.004	32.472	-0.018
00.004	32.497	-0.018
00.003	32.523	-0.018
00.004	32.585	-0.018
00.003	32.631	-0.018
00.006	32.664	-0.018
00.003	32.684	-0.018
00.003	32.703	-0.019
00.004	32.740	-0.018
00.002	32.761	-0.018
00.003	32.744	-0.018
00.003	32.708	-0.018
00.002	32.704	-0.018
00.003	32.714	-0.019
00.003	32.730	-0.018
00.003	32.723	-0.018
00.002	32.750	-0.018
00.003	32.769	-0.018
00.002	32.782	-0.019
00.004	32.816	-0.018
00.003	32.843	-0.018
00.003	32.841	-0.018
00.002	32.855	-0.017
00.005	32.862	-0.018
00.003	32.868	-0.018
00.003	32.875	-0.018
00.004	32.857	-0.018
00.003	32.847	-0.018
00.004	32.851	-0.018
00.002	32.858	-0.018
00.003	32.877	-0.019
00.002	32.904	-0.018
00.003	32.921	-0.018
00.005	32.954	-0.018
00.004	32.972	-0.018
00.002	32.974	-0.018
00.004	32.938	-0.019
00.002	32.858	-0.018
00.004	32.775	-0.018
00.002	32.695	-0.018
00.005	32.640	-0.018
00.002	32.600	-0.018
00.005	32.568	-0.018
00.004	32.544	-0.018
00.004	32.505	-0.018
00.001	32.422	-0.018
00.002	32.393	-0.018
00.003	32.382	-0.017
00.002	32.368	-0.018
00.002	32.360	-0.018
00.003	32.356	-0.018
00.003	32.353	-0.018
00.003	32.351	-0.018
00.001	32.356	-0.018
00.003	32.360	-0.018
00.004	32.360	-0.018
00.003	32.361	-0.018
00.003	32.347	-0.017
00.003	32.335	-0.018
00.004	32.327	-0.018
00.001	32.333	-0.018
00.002	32.341	-0.018
00.001	32.341	-0.018
00.004	32.341	-0.018
00.001	32.342	-0.018
00.003	32.337	-0.018
00.002	32.330	-0.018
00.003	32.327	-0.018
00.002	32.328	-0.019
00.004	32.332	-0.018
00.002	32.333	-0.018
00.005	32.330	-0.018
00.003	32.332	-0.018
00.004	32.334	-0.018
00.003	32.328	-0.018
00.003	32.316	-0.018
00.003	32.314	-0.018
00.002	32.321	-0.018
00.004	32.322	-0.018
00.004	32.324	-0.018
00.004	32.331	-0.018
00.002	32.337	-0.017
00.002	32.351	-0.018
00.002	32.366	-0.018
00.004	32.380	-0.018
00.002	32.397	-0.018
00.003	32.422	-0.018
00.002	32.438	-0.017
00.002	32.446	-0.018
00.002	32.425	-0.018
00.004	32.409	-0.018
00.001	32.397	-0.018
00.004	32.370	-0.018
00.003	32.376	-0.018
00.003	32.420	-0.018
00.002	32.490	-0.018
00.006	32.541	-0.018
00.003	32.590	-0.018
00.003	32.630	-0.018
00.005	32.659	-0.018
00.002	32.679	-0.018
00.004	32.700	-0.018
00.003	32.694	-0.018
00.004	32.670	-0.018
00.003	32.632	-0.018
00.003	32.616	-0.018
00.004	32.576	-0.017
00.002	32.562	-0.019
00.003	32.508	-0.018
00.005	32.455	-0.018
00.004	32.464	-0.018
00.001	32.484	-0.018
00.004	32.496	01.353
00.173	31.590	01.286
00.293	31.226	01.537
00.413	31.087	01.543
00.532	30.982	01.505
00.535	30.878	01.483
00.534	30.880	01.633
00.537	30.919	01.628
00.546	30.928	01.623
00.550	30.950	01.620
00.553	30.964	01.616
00.564	30.974	01.615
00.563	30.989	01.611
00.572	31.004	01.610
00.578	30.990	01.608
00.586	30.932	01.611
00.584	30.899	01.608
00.648	30.912	01.605
00.698	30.833	01.603
00.757	30.719	01.601
00.812	30.670	01.597
00.862	30.641	01.600
00.938	30.592	01.600
01.015	30.552	01.582
01.090	30.516	01.584
01.148	30.510	01.585
01.180	30.488	01.584
01.245	30.439	01.584
01.338	30.398	01.584
01.417	30.377	01.586
01.514	30.373	01.586
01.597	30.413	01.587
01.674	30.440	01.589
01.763	30.420	01.590
01.866	30.373	01.593
01.966	30.352	01.599
02.051	30.332	01.723
02.161	30.334	01.723
02.242	30.311	01.722
02.333	30.275	01.722
02.387	30.254	01.722
02.454	30.243	01.722
02.530	30.259	01.722
02.645	30.279	01.722
02.788	30.292	01.723
02.878	30.277	01.722
02.960	30.248	01.721
03.053	30.238	01.719
03.150	30.236	01.721
03.235	30.213	01.720
03.358	30.181	01.720
03.511	30.166	01.719
03.597	30.176	01.719
03.750	30.185	01.720
03.824	30.161	01.719
03.892	30.147	01.718
03.960	30.155	01.719
04.137	30.148	01.717
04.252	30.111	01.718
04.378	30.108	01.718
04.535	30.111	01.717
04.637	30.093	01.716
04.712	30.092	01.717
04.778	30.098	01.716
04.935	30.081	01.716
04.997	30.058	01.716
05.138	30.059	01.717
05.225	30.051	01.716
05.328	30.044	01.715
05.445	30.048	01.716
05.587	30.033	01.715
05.633	30.013	01.716
05.701	30.018	01.716
05.855	30.018	01.715
06.003	30.013	01.715
06.038	30.015	01.714
06.165	29.992	01.714
06.355	29.981	01.714
06.483	29.976	01.714
06.561	29.970	01.714
06.688	29.966	01.713
06.781	29.968	01.714
06.877	29.955	01.713
06.969	29.940	01.713
07.044	29.944	01.713
07.153	29.944	01.712
07.284	29.943	01.712
07.405	29.941	01.712
07.443	29.921	01.713
07.583	29.916	01.712
07.713	29.915	01.712
07.782	29.916	01.712
07.863	29.916	01.712
07.905	29.922	01.712
08.109	29.909	01.712
08.247	29.852	01.713
08.332	29.788	01.715
08.370	29.734	01.716
08.510	29.675	01.717
08.650	29.594	01.718
08.746	29.502	01.718
08.784	29.452	01.718
08.992	29.427	01.718
09.073	29.418	01.718
09.175	29.419	01.719
09.203	29.370	01.718
09.382	29.348	01.718
09.535	29.313	01.718
09.607	29.288	01.718
09.679	29.245	01.717
09.765	29.190	01.718
09.950	29.150	01.716
10.067	29.077	01.717
10.083	28.980	01.717
10.212	28.936	01.716
10.338	28.860	01.717
10.446	28.760	01.715
10.464	28.710	01.714
10.644	28.539	01.709
10.772	28.305	01.707
10.836	28.173	01.707
10.892	28.090	01.708
11.018	27.961	01.702
11.095	27.651	01.703
11.167	27.544	01.702
11.298	27.512	01.700
11.411	27.438	01.697
11.426	27.287	01.696
11.549	27.231	01.696
11.767	27.208	01.685
11.818	27.081	01.688
11.855	26.925	01.683
12.080	26.720	01.678
12.227	26.520	01.679
12.299	26.425	01.676
12.492	26.320	01.666
12.561	26.028	01.665
12.646	25.827	01.657
12.879	25.714	01.649
12.993	25.470	01.644
13.045	25.388	01.639
13.317	25.184	01.625
13.373	24.848	01.623
13.451	24.777	01.623
13.624	24.713	01.616
13.730	24.594	01.619
13.745	24.468	01.616
13.829	24.411	01.615
13.984	24.379	01.610
14.035	24.312	01.610
14.155	24.280	01.604
14.314	24.218	01.605
14.394	24.152	01.605
14.416	24.161	01.606
14.520	24.158	01.601
14.715	24.072	01.596
14.810	23.992	01.599
14.905	23.982	01.598
15.093	23.966	01.594
15.239	23.855	01.594
15.268	23.783	01.594
15.402	23.834	01.593
15.435	23.782	01.593
15.602	23.750	01.587
15.811	23.687	01.587
16.021	23.629	01.586
16.052	23.601	01.586
16.218	23.581	01.582
16.412	23.535	01.583
16.614	23.503	01.582
16.686	23.500	01.582
16.829	23.473	01.580
17.035	23.441	01.580
17.239	23.402	01.578
17.296	23.388	01.579
17.476	23.364	01.576
17.688	23.346	01.576
17.864	23.339	01.576
17.924	23.326	01.577
18.043	23.308	01.575
18.178	23.299	01.575
18.377	23.298	01.576
18.418	23.258	01.575
18.623	23.260	01.573
18.729	23.241	01.572
18.932	23.234	01.571
19.023	23.186	01.572
19.132	23.187	01.571
19.382	23.184	01.572
19.566	23.155	01.570
19.676	23.141	01.569
19.875	23.129	01.569
19.909	23.116	01.569
20.050	23.085	01.568
20.304	23.081	01.566
20.442	23.050	01.566
20.598	23.037	01.565
20.812	23.025	01.565
20.958	23.016	01.565
21.112	23.000	01.563
21.349	22.974	01.562
21.444	22.952	01.563
21.533	22.972	01.563
21.728	22.956	01.560
21.833	22.932	01.562
21.958	22.929	01.562
22.100	22.921	01.560
22.223	22.904	01.561
22.449	22.901	01.560
22.551	22.885	01.561
22.694	22.875	01.560
22.746	22.883	01.561
22.870	22.894	01.560
23.012	22.877	01.558
23.212	22.863	01.559
23.352	22.859	01.559
23.481	22.863	01.558
23.712	22.845	01.557
23.795	22.829	01.558
23.937	22.837	01.558
24.006	22.837	01.558
24.272	22.829	01.557
24.399	22.818	01.558
24.480	22.823	01.558
24.666	22.823	01.556
24.832	22.809	01.556
24.950	22.801	01.557
25.018	22.799	01.557
25.239	22.792	01.556
25.421	22.782	01.556
25.504	22.781	01.558
25.557	22.792	01.557
25.792	22.785	01.555
25.942	22.771	01.556
26.057	22.767	01.556
26.069	22.769	01.556
26.299	22.763	01.555
26.475	22.749	01.555
26.609	22.744	01.555
26.609	22.744	01.555
26.823	22.738	01.554
26.987	22.730	01.555
27.093	22.729	01.555
27.156	22.735	01.556
27.430	22.730	01.554
27.579	22.718	01.554
27.717	22.712	01.555
27.917	22.712	01.555
28.091	22.702	01.555
28.239	22.704	01.555
28.500	22.700	01.555
28.597	22.705	01.555
28.905	22.699	01.555
29.021	22.691	01.555
29.219	22.692	01.555
29.443	22.687	01.555
29.621	22.683	01.555
29.852	22.682	01.555
29.998	22.678	01.555
30.156	22.677	01.555
30.330	22.673	01.556
30.392	22.674	01.556
30.628	22.674	01.555
30.800	22.667	01.555
30.882	22.669	01.556
31.112	22.672	01.556
31.282	22.664	01.555
31.393	22.660	01.555
31.656	22.661	01.555
31.773	22.657	01.555
31.896	22.652	01.554
32.174	22.650	01.554
32.308	22.649	01.554
32.419	22.645	01.554
32.607	22.642	01.554
32.820	22.641	01.554
32.873	22.647	01.554
33.143	22.640	01.554
33.281	22.635	01.555
33.402	22.634	01.555
33.470	22.637	01.555
33.659	22.634	01.554
33.839	22.632	01.554
33.910	22.635	01.554
33.961	22.637	01.554
34.189	22.630	01.554
34.324	22.627	01.554
34.439	22.630	01.555
34.572	22.628	01.554
34.748	22.628	01.554
34.909	22.628	01.554
35.090	22.627	01.555
35.230	22.623	01.554
35.429	22.623	01.555
35.481	22.625	01.555
35.749	22.625	01.555
35.881	22.622	01.556
35.950	22.622	01.556
36.222	22.622	01.556
36.289	22.620	01.555
36.340	22.619	01.556
36.569	22.622	01.556
36.605	22.619	01.556
36.881	22.620	01.555
37.065	22.619	01.555
37.134	22.619	01.556
37.317	22.618	01.556
37.482	22.617	01.555
37.526	22.615	01.556
37.755	22.618	01.555
37.832	22.616	01.555
37.924	22.613	01.555
38.129	22.613	01.555
38.258	22.611	01.556
38.329	22.614	01.556
38.518	22.611	01.556
38.671	22.609	01.556
38.781	22.609	01.556
38.963	22.609	01.557
39.101	22.607	01.557
39.286	22.605	01.557
39.371	22.605	01.556
39.665	22.606	01.557
39.802	22.604	01.557
39.917	22.601	01.557
40.069	22.601	01.557
40.299	22.602	01.557
40.483	22.601	01.557
40.623	22.600	01.557
40.828	22.599	01.557
40.917	22.598	01.557
41.054	22.601	01.556
41.270	22.600	01.556
41.374	22.598	01.557
41.428	22.601	01.556
41.568	22.601	01.557
41.748	22.598	01.557
41.952	22.598	01.557
42.136	22.598	01.557
42.331	22.598	01.557
42.362	22.597	01.556
42.590	22.597	01.557
42.778	22.597	01.556
42.803	22.598	01.557
42.946	22.598	01.557
43.213	22.596	01.557
43.370	22.596	01.556
43.447	22.596	01.557
43.729	22.597	01.556
43.877	22.595	01.557
43.959	22.598	01.557
44.092	22.598	01.557
44.226	22.599	01.556
44.357	22.598	01.557
44.514	22.597	01.557
44.532	22.598	01.557
44.749	22.597	01.557
44.921	22.597	01.557
44.977	22.597	01.557
45.080	22.598	01.557
45.262	22.597	01.557
45.424	22.597	01.557
45.544	22.596	01.557
45.728	22.596	01.557
45.880	22.596	01.558
45.980	22.596	01.558
46.095	22.597	01.558
46.280	22.598	01.559
46.345	22.596	01.559
46.474	22.597	01.560
46.674	22.598	01.559
46.713	22.599	01.559
46.981	22.599	01.560
47.143	22.598	01.560
47.258	22.598	01.561
47.500	22.599	01.560
47.692	22.599	01.560
47.762	22.599	01.560
48.091	22.599	01.560
48.231	22.598	01.560
48.374	22.599	01.561
48.638	22.599	01.561
48.846	22.598	01.562
48.976	22.599	01.562
49.284	22.599	01.562
49.444	22.599	01.563
49.516	22.599	01.563
49.775	22.601	01.562
49.987	22.600	01.563
50.056	22.602	01.563
50.254	22.601	01.565
50.572	22.602	01.565
50.680	22.603	01.566
50.801	22.604	01.566
51.075	22.605	01.566
51.215	22.605	01.567
51.250	22.606	01.567
51.526	22.606	01.568
51.688	22.605	01.568
51.793	22.606	01.570
51.940	22.606	01.570
52.191	22.607	01.571
52.352	22.607	01.573
52.492	22.608	01.575
52.709	22.610	01.577
52.883	22.610	01.579
52.991	22.613	01.580
53.148	22.614	01.581
53.419	22.614	01.584
53.582	22.617	01.586
53.801	22.618	01.588
54.140	22.620	01.591
54.287	22.623	01.595
54.617	22.624	01.600
54.766	22.626	01.608
54.933	22.627	01.615
55.047	22.629	01.623
55.283	22.630	01.613
55.307	22.633	01.607
55.320	22.636	01.591
55.337	22.637	01.587
55.337	22.639	01.586
55.339	22.639	01.587
55.335	22.641	01.586
55.327	22.642	01.585
55.323	22.642	01.582
55.312	22.644	01.576
55.309	22.647	01.575
55.312	22.648	01.576
55.314	22.650	01.575
55.311	22.650	01.576
55.312	22.651	01.575
55.312	22.652	01.576
55.310	22.653	01.576
55.313	22.654	01.576
55.310	22.655	01.576
55.311	22.655	01.576
55.307	22.655	01.576
55.307	22.657	01.576
55.308	22.658	01.576
55.305	22.657	01.576
55.306	22.659	01.576
55.307	22.659	01.575
55.307	22.660	01.575
55.310	22.660	01.576
55.307	22.660	01.575
55.307	22.662	01.576
55.305	22.662	01.576
55.305	22.663	01.575
55.304	22.664	01.575
55.307	22.663	01.575
55.305	22.664	01.575
55.306	22.665	01.575
55.306	22.665	01.575
55.249	22.665	01.602
54.669	22.656	01.596
54.672	22.642	01.594
54.578	22.636	01.591
54.506	22.634	01.588
54.273	22.630	01.586
54.067	22.629	01.585
53.970	22.628	01.584
53.823	22.628	01.580
53.669	22.628	01.579
53.494	22.627	01.578
53.378	22.624	01.577
53.204	22.623	01.575
52.960	22.622	01.572
52.823	22.622	01.571
52.683	22.619	01.569
52.511	22.617	01.567
52.320	22.614	01.566
52.099	22.615	01.565
51.988	22.614	01.563
51.881	22.612	01.562
51.702	22.610	01.561
51.333	22.609	01.560
51.239	22.608	01.560
51.032	22.607	01.559
50.845	22.606	01.559
50.683	22.607	01.557
50.481	22.607	01.557
50.352	22.604	01.556
50.058	22.603	01.555
49.924	22.603	01.555
49.805	22.603	01.555
49.660	22.603	01.554
49.388	22.602	01.553
49.242	22.600	01.554
48.940	22.601	01.553
48.858	22.600	01.554
48.674	22.600	01.554
48.459	22.600	01.553
48.142	22.599	01.552
48.078	22.598	01.552
47.762	22.598	01.551
47.478	22.599	01.551
47.367	22.598	01.551
47.192	22.597	01.551
46.932	22.599	01.551
46.781	22.596	01.551
46.593	22.597	01.551
46.357	22.597	01.550
46.164	22.595	01.550
45.981	22.597	01.550
45.625	22.595	01.549
45.423	22.593	01.548
45.075	22.594	01.548
44.903	22.595	01.549
44.626	22.594	01.548
44.329	22.593	01.548
44.039	22.593	01.548
43.876	22.592	01.547
43.586	22.592	01.547
43.281	22.592	01.548
43.073	22.592	01.548
42.897	22.593	01.547
42.654	22.593	01.547
42.313	22.593	01.548
42.148	22.593	01.548
41.979	22.592	01.547
41.673	22.595	01.548
41.559	22.593	01.547
41.309	22.593	01.547
41.026	22.595	01.547
40.780	22.594	01.547
40.473	22.594	01.547
40.220	22.595	01.548
39.990	22.594	01.548
39.679	22.594	01.548
39.442	22.595	01.547
39.240	22.595	01.547
38.849	22.596	01.547
38.689	22.595	01.547
38.489	22.596	01.547
38.167	22.596	01.547
37.921	22.598	01.547
37.663	22.600	01.546
37.332	22.601	01.546
37.066	22.603	01.546
36.849	22.604	01.546
36.570	22.605	01.546
36.236	22.607	01.546
36.001	22.607	01.546
35.679	22.606	01.546
35.364	22.608	01.546
35.126	22.607	01.546
34.862	22.608	01.546
34.553	22.608	01.546
34.347	22.608	01.546
34.064	22.609	01.546
33.711	22.609	01.545
33.469	22.609	01.545
33.204	22.611	01.546
32.934	22.612	01.545
32.691	22.613	01.546
32.388	22.615	01.547
32.191	22.618	01.547
31.946	22.621	01.546
31.611	22.623	01.546
31.372	22.627	01.546
31.074	22.630	01.546
30.837	22.633	01.546
30.495	22.636	01.546
30.332	22.637	01.547
30.021	22.638	01.547
29.821	22.640	01.547
29.549	22.644	01.547
29.156	22.649	01.547
29.032	22.650	01.547
28.641	22.654	01.547
28.437	22.656	01.547
28.250	22.658	01.547
27.881	22.660	01.546
27.628	22.665	01.547
27.466	22.664	01.547
27.063	22.668	01.547
26.786	22.671	01.547
26.546	22.673	01.548
26.085	22.679	01.550
25.820	22.688	01.550
25.529	22.696	01.554
25.100	22.707	01.554
24.889	22.716	01.555
24.598	22.723	01.555
24.198	22.729	01.555
24.074	22.737	01.555
23.806	22.743	01.556
23.495	22.747	01.556
23.413	22.753	01.556
23.007	22.760	01.556
22.733	22.766	01.557
22.589	22.770	01.557
22.128	22.779	01.558
22.019	22.790	01.558
21.872	22.795	01.558
21.414	22.802	01.559
21.283	22.811	01.560
21.149	22.829	01.561
20.728	22.852	01.562
20.629	22.872	01.562
20.347	22.887	01.563
20.058	22.905	01.564
19.933	22.930	01.565
19.650	22.949	01.565
19.488	22.963	01.565
19.178	22.977	01.567
18.967	22.995	01.568
18.778	23.011	01.569
18.409	23.036	01.569
18.106	23.056	01.570
17.755	23.090	01.572
17.515	23.113	01.572
17.225	23.131	01.572
16.930	23.146	01.574
16.664	23.172	01.574
16.337	23.179	01.575
16.100	23.219	01.577
15.814	23.250	01.581
15.411	23.285	01.584
15.238	23.351	01.584
14.841	23.439	01.588
14.557	23.525	01.588
14.181	23.611	01.593
13.994	23.689	01.596
13.764	23.750	01.597
13.478	23.812	01.600
13.284	23.882	01.605
12.984	23.946	01.610
12.790	23.997	01.620
12.566	24.182	01.641
12.225	24.767	01.655
12.003	25.476	01.663
11.748	25.926	01.674
11.444	26.393	01.684
11.216	26.705	01.686
10.846	26.933	01.688
10.631	27.185	01.695
10.379	27.477	01.698
10.063	27.937	01.700
09.817	28.258	01.704
09.441	28.498	01.705
09.257	28.757	01.708
08.866	28.880	01.708
08.702	28.994	01.706
08.387	29.060	01.708
08.073	29.176	01.705
07.805	29.342	01.706
07.380	29.514	01.704
07.169	29.619	01.706
06.930	29.662	01.706
06.704	29.678	01.706
06.500	29.709	01.706
06.239	29.728	01.708
05.945	29.742	01.706
05.598	29.750	01.706
05.362	29.770	01.707
04.854	29.792	01.708
04.604	29.812	01.710
04.130	29.851	01.711
03.902	29.874	01.712
03.835	29.915	01.713
03.458	29.925	01.713
03.222	29.944	01.714
02.891	29.968	01.716
02.592	29.998	01.716
02.458	30.010	01.716
02.054	30.009	01.718
01.939	30.025	01.717
01.584	30.061	01.721
01.245	30.120	01.721
00.924	30.168	01.723
00.541	30.225	01.723
00.419	30.368	01.738
00.373	30.547	01.738
00.293	30.571	01.740
-0.009	30.611	00.104
-0.008	30.418	00.104
-0.005	30.243	00.017
-0.007	30.041	00.002
-0.005	29.866	-0.003
-0.005	29.761	-0.006
-0.007	29.646	-0.007
-0.010	29.543	-0.008
-0.007	29.468	-0.010
-0.008	29.408	-0.010
-0.007	29.357	-0.011
-0.005	29.309	-0.012
-0.005	29.276	-0.011
-0.008	29.256	-0.012
-0.007	29.233	-0.012
-0.007	29.213	-0.013
-0.006	29.193	-0.013
-0.008	29.174	-0.013
-0.008	29.159	-0.013
-0.009	29.138	-0.013
-0.007	29.112	-0.013
-0.005	29.099	-0.013
-0.006	29.094	-0.013
-0.007	29.073	-0.014
-0.006	29.045	-0.014
-0.006	29.040	-0.014
-0.006	29.022	-0.013
-0.005	28.999	-0.014
-0.004	28.991	-0.013
-0.005	28.987	-0.014
-0.004	28.982	-0.014
-0.006	28.971	-0.014
-0.003	28.965	-0.014
-0.002	28.959	-0.014
-0.005	28.941	-0.014
-0.003	28.926	-0.014
-0.003	28.910	-0.014
-0.005	28.895	-0.014
-0.001	28.899	-0.014
-0.003	28.908	-0.015
-0.001	28.924	-0.014
-0.001	28.938	-0.014
-0.003	28.944	-0.014
-0.003	28.939	-0.014
-0.002	28.936	-0.014
-0.002	28.910	-0.010
-0.001	28.878	-0.012
-0.002	28.858	-0.014
-0.002	28.864	-0.015
00.000	28.877	-0.015
-0.003	28.876	-0.015
-0.003	28.864	-0.015
-0.004	28.846	-0.015
-0.003	28.832	-0.016
-0.005	28.839	-0.015
-0.001	28.848	-0.016
-0.002	28.871	-0.016
-0.004	28.896	-0.015
-0.001	28.906	-0.016
-0.004	28.899	-0.015
-0.004	28.894	-0.016
-0.003	28.898	-0.015
-0.002	28.912	-0.016
-0.002	28.937	-0.015
-0.001	28.952	-0.015
-0.003	28.958	-0.016
-0.004	28.957	-0.015
-0.002	28.951	-0.017
-0.002	28.943	-0.016
-0.003	28.918	-0.015
-0.000	28.878	-0.016
-0.000	28.840	-0.016
-0.003	28.830	-0.015
-0.004	28.825	-0.016
-0.003	28.831	-0.016
-0.002	28.856	-0.017
-0.004	28.875	-0.016
-0.002	28.901	-0.016
-0.004	28.919	-0.016
-0.004	28.944	-0.017
-0.005	28.966	-0.016
-0.001	28.933	-0.016
-0.003	28.910	-0.016
-0.005	28.916	-0.016
-0.004	28.924	-0.016
-0.002	28.939	-0.016
-0.002	28.952	-0.016
-0.003	28.967	-0.016
-0.005	28.977	-0.016
-0.002	28.947	-0.016
-0.004	28.921	-0.017
-0.004	28.908	-0.016
-0.001	28.847	-0.016
-0.001	28.785	-0.017
-0.001	28.802	-0.017
-0.000	28.857	-0.017
-0.002	28.851	-0.016
-0.001	28.850	-0.017
-0.003	28.852	-0.016
-0.003	28.872	-0.017
-0.002	28.901	-0.016
-0.002	28.933	-0.016
-0.002	28.965	-0.016
-0.003	28.988	-0.016
-0.002	29.000	-0.017
-0.002	28.985	-0.017
-0.001	28.949	-0.017
-0.003	28.894	-0.016
-0.004	28.856	-0.017
-0.002	28.852	-0.016
-0.001	28.857	-0.016
-0.000	28.842	-0.017
-0.002	28.822	-0.017
-0.003	28.828	-0.016
-0.003	28.838	-0.017
-0.004	28.823	-0.016
-0.001	28.821	-0.016
-0.000	28.821	-0.016
-0.002	28.803	-0.016
-0.004	28.801	-0.017
-0.001	28.811	-0.017
00.000	28.827	-0.016
-0.003	28.829	-0.016
-0.002	28.810	-0.017
-0.003	28.782	-0.017
-0.002	28.783	-0.016
-0.002	28.785	-0.017
-0.002	28.788	-0.016
-0.002	28.781	-0.016
-0.002	28.762	-0.016
-0.005	28.756	-0.016
-0.002	28.756	-0.017
-0.001	28.772	-0.016
-0.001	28.787	-0.017
-0.000	28.776	-0.016
-0.001	28.786	-0.017
-0.000	28.811	-0.016
-0.001	28.851	-0.017
-0.001	28.843	-0.016
-0.001	28.814	-0.017
-0.001	28.794	-0.016
00.001	28.788	-0.017
-0.001	28.781	-0.017
-0.002	28.805	-0.016
-0.001	28.831	-0.016
-0.002	28.862	-0.017
-0.002	28.882	-0.017
-0.002	28.897	-0.016
-0.002	28.900	-0.017
-0.001	28.910	-0.017
-0.001	28.917	-0.016
-0.001	28.931	-0.016
00.001	28.946	-0.016
-0.003	28.965	-0.017
-0.001	28.972	-0.017
-0.004	28.983	-0.017
-0.001	29.004	-0.017
-0.002	29.054	-0.017
-0.001	29.083	-0.016
-0.000	29.090	-0.017
-0.001	29.092	-0.016
-0.001	29.081	-0.017
-0.005	29.072	-0.017
-0.001	29.073	-0.016
00.000	29.062	-0.016
-0.002	29.040	-0.017
-0.003	29.041	-0.017
00.001	29.031	-0.017
-0.001	29.026	-0.017
-0.003	29.047	-0.017
00.000	29.058	-0.017
-0.002	29.070	-0.017
-0.001	29.075	-0.017
-0.003	29.086	-0.017
-0.002	29.096	-0.017
-0.001	29.072	-0.016
-0.001	29.072	-0.017
-0.001	29.115	-0.017
00.001	29.184	-0.016
00.002	29.231	-0.017
-0.001	29.258	-0.017
00.001	29.258	-0.017
00.001	29.292	-0.018
00.002	29.282	-0.017
00.001	29.258	-0.017
00.000	29.227	-0.017
00.001	29.236	-0.017
-0.000	29.242	-0.017
00.000	29.271	-0.017
-0.001	29.313	-0.017
00.001	29.363	-0.017
-0.000	29.411	-0.017
00.000	29.452	-0.017
-0.000	29.479	-0.017
00.001	29.499	-0.017
00.002	29.521	-0.017
-0.001	29.549	-0.018
00.001	29.550	-0.017
00.002	29.542	-0.018
00.000	29.557	-0.018
-0.001	29.580	-0.018
00.001	29.587	-0.017
00.001	29.589	-0.018
-0.001	29.595	-0.017
00.000	29.566	-0.017
00.001	29.521	-0.017
00.001	29.445	-0.017
00.001	29.391	-0.017
-0.000	29.380	-0.018
-0.000	29.395	-0.017
-0.001	29.389	-0.017
-0.001	29.380	-0.017
00.000	29.377	-0.017
00.001	29.345	-0.017
-0.000	29.334	-0.018
00.001	29.363	-0.018
00.001	29.422	-0.017
00.002	29.473	-0.017
00.001	29.517	-0.018
-0.002	29.521	-0.017
-0.000	29.531	-0.017
-0.001	29.559	-0.017
-0.001	29.561	-0.017
-0.000	29.592	-0.017
-0.001	29.627	-0.017
00.001	29.667	-0.018
-0.000	29.679	-0.017
-0.003	29.703	-0.017
-0.002	29.712	-0.018
-0.002	29.707	-0.018
00.002	29.706	-0.018
-0.000	29.737	-0.018
00.001	29.777	-0.017
-0.000	29.808	-0.018
-0.000	29.795	-0.017
-0.000	29.753	-0.017
00.001	29.722	-0.017
-0.000	29.682	-0.017
-0.001	29.636	-0.018
-0.003	29.585	-0.018
00.000	29.544	-0.017
-0.000	29.498	-0.018
-0.002	29.458	-0.018
-0.000	29.422	-0.018
-0.001	29.392	-0.017
00.000	29.377	-0.017
-0.000	29.380	-0.017
-0.002	29.398	-0.017
-0.000	29.422	-0.017
00.000	29.436	-0.017
-0.000	29.444	-0.017
00.000	29.444	-0.017
00.000	29.436	-0.018
-0.001	29.428	-0.018
00.000	29.418	-0.017
00.000	29.410	-0.017
00.001	29.396	-0.017
-0.000	29.398	-0.018
-0.001	29.414	-0.017
00.001	29.431	-0.018
-0.002	29.457	-0.017
-0.001	29.478	-0.017
00.000	29.482	-0.017
00.000	29.491	-0.017
-0.002	29.506	-0.018
00.000	29.524	-0.017
-0.000	29.494	-0.017
00.000	29.478	-0.017
-0.002	29.521	-0.017
00.000	29.573	-0.017
00.000	29.629	-0.017
00.001	29.693	-0.017
-0.002	29.750	-0.017
00.001	29.764	-0.017
00.001	29.798	-0.018
00.001	29.838	-0.017
-0.003	29.875	-0.018
-0.002	29.944	-0.018
-0.002	29.959	-0.017
-0.000	29.905	-0.017
-0.001	29.768	-0.018
00.005	29.652	-0.017
00.005	29.568	-0.017
00.005	29.532	-0.017
00.006	29.513	-0.017
00.007	29.495	-0.018
00.005	29.482	-0.017
00.007	29.473	-0.018
00.006	29.475	-0.017
00.006	29.486	-0.018
00.005	29.481	-0.017
00.007	29.475	-0.017
00.004	29.477	-0.018
00.005	29.474	-0.018
00.005	29.476	-0.017
00.008	29.477	-0.017
00.006	29.494	-0.018
00.007	29.510	-0.018
00.008	29.533	-0.018
00.005	29.562	-0.017
00.006	29.589	-0.017
00.006	29.609	-0.018
00.008	29.615	-0.018
00.006	29.611	-0.018
00.007	29.605	-0.018
00.005	29.607	-0.018
00.006	29.614	-0.018
00.005	29.622	-0.018
00.005	29.620	-0.017
00.008	29.624	-0.018
00.007	29.624	-0.017
00.006	29.633	-0.018
00.005	29.648	-0.017
00.006	29.652	-0.017
00.007	29.636	-0.018
00.006	29.632	-0.018
00.006	29.633	-0.018
00.007	29.643	-0.017
00.004	29.655	-0.018
00.008	29.665	-0.018
00.006	29.676	-0.017
00.006	29.683	-0.017
00.007	29.689	-0.018
00.007	29.694	-0.018
00.005	29.691	-0.018
00.006	29.677	-0.018
00.005	29.667	-0.017
00.007	29.662	-0.018
00.007	29.654	-0.017
00.005	29.646	-0.018
00.007	29.639	-0.017
00.005	29.631	-0.017
00.006	29.623	-0.018
00.008	29.622	-0.017
00.007	29.626	-0.018
00.006	29.629	-0.018
00.007	29.628	-0.017
00.004	29.626	-0.017
00.005	29.627	-0.017
00.004	29.623	-0.018
00.006	29.617	-0.017
00.004	29.612	-0.017
00.006	29.609	-0.017
00.006	29.604	-0.017
00.006	29.598	-0.018
00.007	29.601	-0.018
00.006	29.599	-0.018
00.007	29.595	-0.018
00.005	29.595	-0.017
00.008	29.592	-0.017
00.006	29.591	-0.017
00.007	29.594	-0.017
00.006	29.598	-0.018
00.007	29.606	-0.017
00.006	29.614	-0.018
00.009	29.619	-0.018
00.005	29.624	-0.017
00.006	29.631	-0.018
00.008	29.647	-0.018
00.007	29.663	-0.018
00.006	29.678	-0.018
00.007	29.690	-0.018
00.005	29.703	-0.018
00.006	29.710	-0.019
00.008	29.706	-0.018
00.007	29.707	-0.018
00.007	29.706	-0.018
00.007	29.711	-0.017
00.006	29.717	-0.017
00.005	29.725	-0.018
00.008	29.735	-0.018
00.006	29.741	-0.017
00.006	29.748	-0.017
00.006	29.752	-0.018
00.006	29.753	-0.018
00.008	29.756	-0.017
00.004	29.756	-0.017
00.007	29.753	-0.019
00.007	29.750	-0.018
00.005	29.754	-0.018
00.007	29.758	-0.018
00.007	29.762	-0.018
00.007	29.764	-0.017
00.006	29.764	-0.017
00.007	29.761	-0.018
00.007	29.763	-0.017
00.006	29.760	-0.018
00.007	29.758	-0.017
00.005	29.762	-0.017
00.007	29.761	-0.018
00.007	29.765	-0.018
00.007	29.771	-0.017
00.007	29.776	-0.017
00.006	29.773	-0.017
00.007	29.768	-0.018
00.008	29.768	-0.018
00.007	29.770	-0.018
00.006	29.772	-0.018
00.007	29.775	-0.018
00.005	29.781	-0.018
00.007	29.789	-0.017
00.006	29.794	-0.018
00.007	29.788	-0.017
00.005	29.779	-0.018
00.006	29.763	-0.018
00.008	29.749	-0.018
00.006	29.745	-0.017
00.008	29.746	-0.017
00.004	29.747	-0.018
00.006	29.757	-0.018
00.007	29.764	-0.018
00.007	29.764	-0.017
00.007	29.771	-0.018
00.008	29.791	-0.017
00.004	29.806	-0.017
00.005	29.803	-0.017
00.008	29.803	-0.017
00.008	29.812	-0.017
00.007	29.822	-0.018
00.008	29.833	-0.018
00.007	29.830	-0.018
00.006	29.823	-0.018
00.006	29.820	-0.018
00.004	29.818	-0.017
00.005	29.817	-0.018
00.006	29.821	-0.018
00.005	29.829	-0.018
00.007	29.835	-0.018
00.007	29.840	-0.017
00.007	29.849	-0.018
00.006	29.862	-0.017
00.007	29.872	-0.017
00.007	29.871	-0.018
00.007	29.869	-0.017
00.007	29.870	-0.017
00.008	29.874	-0.017
00.008	29.879	-0.017
00.008	29.883	-0.018
00.007	29.880	-0.018
00.006	29.887	-0.017
00.005	29.892	-0.018
00.006	29.900	-0.018
00.008	29.908	-0.018
00.008	29.923	-0.017
00.007	29.931	-0.018
00.007	29.931	-0.017
00.007	29.935	-0.018
00.008	29.939	-0.018
00.004	29.942	-0.018
00.008	29.938	-0.017
00.008	29.934	-0.018
00.008	29.928	-0.018
00.007	29.926	-0.017
00.005	29.919	-0.017
00.008	29.907	-0.018
00.008	29.907	-0.018
00.007	29.913	-0.018
00.006	29.916	-0.017
00.006	29.924	-0.017
00.008	29.930	-0.017
00.007	29.930	-0.017
00.005	29.926	-0.018
00.007	29.923	-0.017
00.007	29.922	-0.018
00.009	29.925	-0.017
00.007	29.925	-0.017
00.007	29.924	-0.018
00.006	29.925	-0.017
00.008	29.929	-0.018
00.007	29.929	-0.018
00.005	29.936	-0.018
00.007	29.950	-0.017
00.007	29.970	-0.018
00.008	29.981	-0.017
00.008	29.988	-0.018
00.006	29.995	-0.018
00.007	29.983	-0.018
00.007	29.975	-0.017
00.005	29.975	-0.018
00.007	29.976	-0.018
00.007	29.961	-0.018
00.007	29.947	-0.018
00.007	29.942	-0.017
00.007	29.959	-0.017
00.007	29.995	-0.017
00.008	30.008	-0.018
00.006	30.014	-0.017
00.004	30.023	-0.018
00.007	30.033	-0.017
00.008	30.040	-0.017
00.007	30.046	-0.017
00.006	30.057	-0.018
00.007	30.064	-0.018
00.005	30.069	-0.018
00.006	30.074	-0.018
00.006	30.081	-0.018
00.007	30.091	-0.017
00.006	30.099	-0.018
00.007	30.102	-0.018
00.008	30.112	-0.017
00.006	30.126	-0.017
00.006	30.138	-0.017
00.007	30.153	-0.017
00.006	30.164	-0.018
00.007	30.169	-0.018
00.006	30.175	-0.018
00.008	30.181	-0.017
00.006	30.187	-0.018
00.007	30.183	-0.017
00.006	30.175	-0.017
00.007	30.158	-0.018
00.008	30.139	-0.018
00.004	30.125	-0.018
00.005	30.109	-0.017
00.006	30.138	-0.017
00.006	30.150	-0.018
00.005	30.149	-0.018
00.006	30.183	-0.017
00.005	30.217	-0.018
00.008	30.251	-0.017
00.007	30.284	-0.018
00.006	30.313	-0.018
00.004	30.343	-0.017
00.007	30.373	-0.017
00.005	30.388	-0.017
00.007	30.414	-0.017
00.007	30.449	-0.018
00.008	30.461	-0.018
00.005	30.438	-0.018
00.008	30.416	-0.018
00.007	30.398	-0.018
00.007	30.381	-0.017
00.003	30.368	-0.018
00.006	30.359	-0.017
00.005	30.356	-0.017
00.005	30.352	-0.018
00.007	30.344	-0.018
00.006	30.336	-0.018
00.007	30.322	-0.017
00.007	30.321	-0.018
00.007	30.324	-0.017
00.008	30.333	-0.017
00.008	30.340	-0.018
00.005	30.349	-0.018
00.007	30.353	-0.018
00.008	30.357	-0.018
00.007	30.361	-0.018
00.007	30.353	-0.018
00.006	30.346	-0.017
00.006	30.336	-0.017
00.006	30.334	-0.018
00.008	30.334	-0.018
00.010	30.337	-0.018
00.010	30.331	-0.018
00.008	30.328	-0.019
00.010	30.316	-0.018
00.010	30.316	-0.018
00.007	30.323	-0.018
00.007	30.333	-0.018
00.007	30.344	-0.018
00.006	30.344	-0.017
00.008	30.344	-0.019
00.007	30.355	-0.018
00.008	30.362	-0.017
00.009	30.361	-0.018
00.008	30.361	-0.018
00.008	30.362	-0.018
00.008	30.368	-0.018
00.008	30.373	-0.017
00.008	30.381	-0.018
00.007	30.389	-0.018
00.009	30.400	-0.018
00.008	30.409	-0.017
00.008	30.415	-0.017
00.007	30.420	-0.019
00.008	30.421	-0.018
00.007	30.418	-0.019
00.008	30.414	-0.018
00.007	30.405	-0.018
00.008	30.408	-0.017
00.007	30.416	-0.017
00.008	30.427	-0.018
00.008	30.435	-0.018
00.008	30.438	-0.018
00.008	30.435	-0.018
00.008	30.434	-0.018
00.008	30.439	-0.018
00.007	30.448	-0.018
00.007	30.453	-0.017
00.008	30.456	-0.018
00.008	30.464	-0.018
00.007	30.476	-0.017
00.006	30.487	-0.018
00.008	30.491	-0.018
00.007	30.498	-0.018
00.006	30.505	-0.018
00.007	30.511	-0.018
00.009	30.514	-0.018
00.008	30.522	-0.018
00.008	30.531	-0.018
00.007	30.536	-0.018
00.009	30.542	-0.018
00.008	30.542	-0.018
00.008	30.541	-0.018
00.006	30.534	-0.017
00.007	30.522	-0.018
00.008	30.519	-0.018
00.008	30.522	-0.018
00.009	30.526	-0.018
00.007	30.523	-0.018
00.010	30.517	-0.018
00.005	30.520	-0.018
00.008	30.525	-0.018
00.009	30.528	-0.018
00.009	30.527	-0.019
00.008	30.527	-0.018
00.009	30.525	-0.018
00.008	30.529	-0.019
00.008	30.531	-0.018
00.007	30.535	-0.018
00.008	30.536	-0.018
00.009	30.531	-0.017
00.008	30.525	-0.018
00.006	30.524	-0.018
00.008	30.519	-0.018
00.008	30.524	-0.018
00.008	30.522	-0.018
00.006	30.524	-0.018
00.006	30.532	-0.017
00.009	30.521	-0.017
00.009	30.526	-0.018
00.008	30.529	-0.018
00.007	30.523	-0.018
00.008	30.529	-0.017
00.009	30.537	-0.018
00.008	30.543	-0.018
00.009	30.551	-0.018
00.006	30.566	-0.018
00.008	30.580	-0.017
00.010	30.579	-0.018
00.009	30.562	-0.018
00.007	30.560	-0.017
00.007	30.567	-0.018
00.007	30.581	-0.017
00.006	30.592	-0.018
00.008	30.599	-0.018
00.006	30.612	-0.018
00.008	30.623	-0.018
00.007	30.632	-0.018
00.008	30.636	-0.017
00.008	30.644	-0.018
00.009	30.651	-0.018
00.008	30.647	-0.018
00.007	30.650	-0.018
00.008	30.647	-0.018
00.005	30.645	-0.018
00.006	30.650	-0.018
00.008	30.651	-0.019
00.009	30.650	-0.018
00.007	30.645	-0.018
00.008	30.646	-0.019
00.006	30.650	-0.018
00.007	30.642	-0.018
00.009	30.631	-0.018
00.010	30.631	-0.018
00.008	30.635	-0.018
00.008	30.640	-0.018
00.008	30.654	-0.018
00.008	30.661	-0.018
00.007	30.669	-0.018
00.009	30.678	-0.018
00.008	30.684	-0.018
00.008	30.689	-0.018
00.007	30.700	-0.017
00.007	30.708	-0.018
00.008	30.712	-0.018
00.007	30.715	-0.018
00.007	30.719	-0.018
00.007	30.727	-0.018
00.007	30.736	-0.018
00.008	30.743	-0.017
00.010	30.752	-0.018
00.008	30.756	-0.018
00.008	30.760	-0.018
00.008	30.764	-0.018
00.009	30.768	-0.018
00.008	30.769	-0.018
00.009	30.768	-0.018
00.008	30.771	-0.017
00.008	30.778	-0.018
00.008	30.782	-0.018
00.007	30.785	-0.017
00.008	30.784	-0.018
00.008	30.782	-0.018
00.008	30.781	-0.018
00.008	30.783	-0.018
00.008	30.783	-0.018
00.008	30.788	-0.018
00.007	30.792	-0.018
00.007	30.788	-0.018
00.009	30.775	-0.018
00.006	30.769	-0.018
00.008	30.769	-0.018
00.008	30.777	-0.018
00.006	30.787	-0.018
00.007	30.795	-0.018
00.010	30.805	-0.018
00.006	30.814	-0.018
00.008	30.824	-0.018
00.010	30.830	-0.018
00.007	30.837	-0.018
00.010	30.838	-0.018
00.006	30.845	-0.017
00.010	30.849	-0.018
00.008	30.855	-0.018
00.007	30.855	-0.018
00.008	30.863	-0.018
00.007	30.869	-0.018
00.007	30.872	-0.018
00.008	30.874	-0.018
00.009	30.874	-0.019
00.007	30.878	-0.018
00.008	30.867	-0.018
00.009	30.856	-0.018
00.008	30.853	-0.018
00.009	30.853	-0.018
00.008	30.855	-0.018
00.008	30.860	-0.018
00.009	30.862	-0.018
00.008	30.859	-0.018
00.008	30.855	-0.018
00.008	30.850	-0.018
00.007	30.852	-0.017
00.007	30.850	-0.018
00.010	30.848	-0.018
00.009	30.849	-0.018
00.008	30.853	-0.018
00.009	30.861	-0.018
00.008	30.868	-0.018
00.009	30.872	-0.018
00.007	30.875	-0.018
00.008	30.880	-0.018
00.008	30.883	-0.018
00.006	30.889	-0.018
00.011	30.888	-0.018
00.007	30.889	-0.017
00.007	30.896	-0.018
00.008	30.899	-0.018
00.006	30.905	-0.018
00.010	30.914	-0.018
00.008	30.920	-0.018
00.008	30.925	-0.018
00.008	30.923	-0.018
00.009	30.921	-0.018
00.009	30.914	-0.018
00.008	30.915	-0.018
00.009	30.914	-0.018
00.006	30.920	-0.018
00.009	30.908	-0.018
00.009	30.894	-0.018
00.009	30.887	-0.018
00.008	30.873	-0.018
00.007	30.869	-0.018
00.009	30.867	-0.018
00.008	30.874	-0.018
00.007	30.885	-0.018
00.008	30.898	-0.018
00.009	30.911	-0.018
00.006	30.923	-0.018
00.008	30.931	-0.018
00.008	30.925	-0.018
00.008	30.928	-0.018
00.010	30.930	-0.018
00.007	30.924	-0.018
00.010	30.928	-0.019
00.008	30.936	-0.018
00.006	30.943	-0.018
00.008	30.954	-0.018
00.009	30.960	-0.018
00.008	30.955	-0.018
00.008	30.950	-0.018
00.009	30.947	-0.019
00.008	30.949	-0.018
00.009	30.946	-0.019
00.010	30.949	-0.018
00.007	30.953	-0.018
00.008	30.961	-0.018
00.010	30.968	-0.018
00.010	30.968	-0.018
00.008	30.964	-0.018
00.009	30.955	-0.018
00.009	30.951	-0.018
00.007	30.951	-0.019
00.008	30.955	-0.018
00.009	30.960	-0.018
00.008	30.967	-0.018
00.007	30.973	-0.018
00.007	30.978	-0.018
00.007	30.984	-0.018
00.010	30.990	-0.018
00.008	30.996	-0.018
00.008	30.988	-0.018
00.009	30.977	-0.018
00.009	30.966	-0.018
00.009	30.945	-0.018
00.009	30.938	-0.018
00.009	30.939	-0.018
00.008	30.940	-0.018
00.010	30.946	-0.018
00.008	30.948	-0.018
00.008	30.952	-0.018
00.009	30.959	-0.018
00.008	30.953	-0.017
00.008	30.955	-0.018
00.007	30.948	-0.018
00.008	30.941	-0.019
00.009	30.930	-0.018
00.010	30.931	-0.018
00.008	30.937	-0.018
00.011	30.945	-0.018
00.008	30.949	-0.019
00.009	30.954	-0.018
00.008	30.954	-0.017
00.007	30.956	-0.018
00.008	30.941	-0.018
00.007	30.941	-0.019
00.009	30.948	-0.018
00.009	30.954	-0.018
00.008	30.959	-0.018
00.009	30.956	-0.018
00.008	30.951	-0.018
00.009	30.950	-0.019
00.008	30.952	-0.018
00.009	30.956	-0.018
00.008	30.943	-0.018
00.009	30.934	-0.019
00.008	30.917	-0.018
00.010	30.905	-0.018
00.008	30.900	-0.018
00.009	30.899	-0.018
00.010	30.905	-0.018
00.009	30.915	-0.018
00.008	30.917	-0.018
00.009	30.915	-0.018
00.007	30.916	-0.018
00.009	30.917	-0.018
00.008	30.909	-0.018
00.009	30.904	-0.018
00.009	30.890	-0.018
00.009	30.882	-0.018
00.008	30.886	-0.018
00.008	30.892	-0.017
00.007	30.900	-0.018
00.009	30.906	-0.018
00.009	30.915	-0.018
00.007	30.918	-0.017
00.010	30.920	-0.018
00.009	30.924	-0.018
00.007	30.927	-0.018
00.008	30.929	-0.018
00.008	30.928	-0.018
00.008	30.912	-0.018
00.007	30.901	-0.018
00.008	30.899	-0.018
00.010	30.895	-0.018
00.010	30.891	-0.018
00.010	30.895	-0.019
00.008	30.904	-0.018
00.008	30.913	-0.018
00.009	30.917	-0.018
00.009	30.921	-0.018
00.009	30.920	-0.018
00.011	30.919	-0.018
00.009	30.905	-0.018
00.009	30.892	-0.018
00.009	30.892	-0.018
00.009	30.879	-0.018
00.011	30.885	-0.018
00.007	30.889	-0.018
00.011	30.891	-0.018
00.009	30.890	-0.018
00.010	30.882	-0.018
00.010	30.878	-0.018
00.008	30.870	-0.018
00.008	30.867	-0.018
00.009	30.870	-0.018
00.009	30.869	-0.018
00.010	30.866	-0.018
00.009	30.866	-0.018
00.007	30.869	-0.018
00.008	30.875	-0.018
00.009	30.876	-0.018
00.010	30.881	-0.018
00.009	30.877	-0.018
00.008	30.874	-0.018
00.011	30.876	-0.018
00.009	30.884	-0.018
00.007	30.892	-0.018
00.008	30.895	-0.018
00.008	30.901	-0.018
00.008	30.904	-0.018
00.009	30.903	-0.017
00.007	30.900	-0.018
00.008	30.898	-0.018
00.009	30.893	-0.018
00.009	30.888	-0.018
00.009	30.889	-0.018
00.010	30.881	-0.018
00.008	30.874	-0.018
00.008	30.862	-0.018
00.009	30.856	-0.018
00.009	30.853	-0.018
00.008	30.847	-0.018
00.009	30.846	-0.018
00.008	30.854	-0.018
00.009	30.858	-0.018
00.008	30.864	-0.018
00.011	30.875	-0.018
00.008	30.883	-0.018
00.009	30.885	-0.018
00.009	30.879	-0.018
00.010	30.865	-0.018
00.009	30.859	-0.018
00.009	30.852	-0.018
00.010	30.855	-0.019
00.009	30.861	-0.018
00.011	30.864	-0.018
00.009	30.862	-0.018
00.007	30.867	-0.017
00.009	30.871	-0.017
00.009	30.873	-0.018
00.010	30.868	-0.018
00.009	30.865	-0.018
00.011	30.863	-0.018
00.009	30.861	-0.018
00.008	30.862	-0.018
00.008	30.865	-0.018
00.009	30.869	-0.018
00.009	30.870	-0.017
00.007	30.870	-0.018
00.011	30.874	-0.018
00.008	30.879	-0.018
00.008	30.882	-0.019
00.010	30.881	-0.018
00.010	30.882	-0.019
00.010	30.877	-0.018
00.008	30.870	-0.018
00.011	30.868	-0.018
00.009	30.866	-0.018
00.012	30.869	-0.018
00.010	30.867	-0.018
00.007	30.851	-0.018
00.009	30.842	-0.019
00.008	30.834	-0.018
00.011	30.832	-0.018
00.010	30.836	-0.018
00.007	30.837	-0.019
00.009	30.823	-0.018
00.007	30.813	-0.018
00.009	30.800	-0.018
00.009	30.793	-0.018
00.010	30.792	-0.018
00.011	30.790	-0.019
00.008	30.786	-0.018
00.009	30.787	-0.018
00.010	30.783	-0.018
00.008	30.770	-0.017
00.008	30.756	-0.018
00.009	30.754	-0.018
00.010	30.748	-0.019
00.010	30.742	-0.018
00.010	30.740	-0.019
00.011	30.736	-0.019
00.009	30.739	-0.018
00.008	30.741	-0.019
00.011	30.740	-0.018
00.008	30.744	-0.018
00.006	30.757	-0.018
00.009	30.768	-0.018
00.009	30.780	-0.018
00.009	30.787	-0.018
00.010	30.791	-0.018
00.009	30.793	-0.018
00.008	30.791	-0.018
00.008	30.785	-0.018
00.011	30.780	-0.018
00.009	30.773	-0.018
00.008	30.767	-0.018
00.010	30.766	-0.018
00.009	30.752	-0.018
00.007	30.721	-0.018
00.008	30.690	-0.019
00.008	30.686	-0.018
00.009	30.696	-0.018
00.010	30.707	-0.019
00.009	30.719	-0.018
00.007	30.728	-0.018
00.011	30.734	-0.018
00.009	30.741	-0.019
00.009	30.747	-0.018
00.009	30.753	-0.018
00.009	30.754	-0.018
00.007	30.751	-0.018
00.009	30.749	-0.018
00.009	30.739	-0.019
00.008	30.732	-0.018
00.009	30.728	-0.018
00.011	30.736	-0.018
00.010	30.742	-0.018
00.009	30.750	-0.018
00.006	30.753	-0.018
00.010	30.746	-0.018
00.008	30.729	-0.019
00.009	30.713	-0.018
00.008	30.711	-0.018
00.009	30.704	-0.018
00.008	30.694	-0.018
00.009	30.695	-0.018
00.010	30.700	-0.019
00.009	30.703	-0.018
00.011	30.705	-0.019
00.008	30.708	-0.018
00.011	30.711	-0.018
00.008	30.707	-0.018
00.008	30.706	-0.018
00.009	30.704	-0.019
00.010	30.702	-0.018
00.007	30.697	-0.018
00.010	30.698	-0.018
00.009	30.694	-0.019
00.007	30.691	-0.018
00.009	30.684	-0.019
00.008	30.680	-0.018
00.009	30.675	-0.018
00.006	30.674	-0.018
00.010	30.672	-0.018
00.007	30.670	-0.018
00.009	30.663	-0.018
00.010	30.663	-0.018
00.007	30.670	-0.018
00.009	30.670	-0.018
00.008	30.671	-0.018
00.007	30.666	-0.018
00.008	30.657	-0.018
00.008	30.650	-0.018
00.010	30.646	-0.018
00.008	30.652	-0.018
00.009	30.656	-0.018
00.007	30.658	-0.018
00.010	30.662	-0.019
00.009	30.667	-0.019
00.007	30.661	-0.018
00.008	30.662	-0.018
00.009	30.657	-0.019
00.008	30.657	-0.018
00.008	30.658	-0.018
00.007	30.665	-0.018
00.009	30.666	-0.018
00.009	30.662	-0.018
00.008	30.654	-0.018
00.009	30.640	-0.018
00.008	30.633	-0.018
00.009	30.632	-0.018
00.010	30.626	-0.019
00.008	30.620	-0.018
00.007	30.623	-0.018
00.009	30.617	-0.018
00.008	30.611	-0.018
00.008	30.600	-0.018
00.008	30.594	-0.018
00.011	30.591	-0.018
00.008	30.599	-0.018
00.008	30.609	-0.017
00.007	30.616	-0.018
00.009	30.614	-0.018
00.009	30.578	-0.019
00.008	30.567	-0.018
00.008	30.568	-0.018
00.009	30.578	-0.018
00.008	30.576	-0.019
00.006	30.568	-0.018
00.009	30.566	-0.018
00.008	30.567	-0.018
00.007	30.569	-0.018
00.009	30.578	-0.018
00.008	30.589	-0.018
00.007	30.598	-0.018
00.009	30.609	-0.018
00.009	30.618	-0.018
00.009	30.624	-0.018
00.008	30.621	-0.018
00.008	30.614	-0.019
00.007	30.617	-0.019
00.006	30.622	-0.019
00.009	30.626	-0.018
00.009	30.622	-0.018
00.009	30.618	-0.018
00.009	30.613	-0.018
00.009	30.617	-0.018
00.008	30.613	-0.018
00.011	30.611	-0.018
00.007	30.603	-0.018
00.008	30.593	-0.018
00.007	30.583	-0.018
00.007	30.577	-0.019
00.008	30.566	-0.018
00.010	30.561	-0.019
00.009	30.552	-0.018
00.009	30.546	-0.018
00.009	30.539	-0.018
00.007	30.535	-0.018
00.009	30.536	-0.019
00.007	30.529	-0.019
00.008	30.514	-0.018
00.009	30.510	-0.018
00.009	30.510	-0.019
00.008	30.514	-0.019
00.009	30.516	-0.019
00.008	30.522	-0.018
00.011	30.528	-0.018
00.008	30.532	-0.018
00.008	30.536	-0.018
00.009	30.540	-0.018
00.007	30.553	-0.018
00.008	30.561	-0.018
00.008	30.569	-0.018
00.007	30.576	-0.018
00.007	30.577	-0.018
00.009	30.534	-0.017
00.008	30.510	-0.018
00.009	30.507	-0.018
00.007	30.501	-0.017
00.009	30.498	-0.019
00.010	30.487	-0.017
00.008	30.479	-0.018
00.007	30.485	-0.018
00.007	30.536	-0.017
00.010	30.602	-0.018
00.007	30.675	-0.018
00.008	30.737	-0.018
00.007	30.784	-0.018
00.011	30.800	-0.018
00.007	30.832	-0.018
00.006	30.872	-0.018
00.009	30.915	-0.018
00.008	30.966	-0.018
00.010	30.974	-0.017
00.008	30.922	-0.017
00.008	30.866	-0.018
00.010	30.807	-0.017
00.009	30.762	-0.018
00.010	30.723	-0.018
00.010	30.685	-0.018
00.006	30.644	-0.018
00.009	30.603	-0.018
00.011	30.578	-0.017
00.011	30.557	-0.017
00.009	30.528	-0.018
00.009	30.502	-0.018
00.009	30.484	-0.018
00.011	30.469	-0.017
00.010	30.440	-0.018
00.010	30.409	-0.018
00.012	30.391	-0.018
00.010	30.376	-0.018
00.009	30.351	-0.018
00.011	30.340	-0.018
00.008	30.325	-0.018
00.011	30.306	-0.018
00.009	30.295	-0.018
00.009	30.299	-0.018
00.009	30.301	-0.018
00.009	30.305	-0.017
00.007	30.324	-0.019
00.008	30.337	-0.018
00.008	30.340	-0.018
00.009	30.327	-0.018
00.009	30.328	-0.018
00.009	30.323	-0.017
00.011	30.314	-0.018
00.009	30.293	-0.018
00.009	30.291	-0.018
00.009	30.309	-0.018
00.008	30.317	-0.018
00.011	30.322	-0.018
00.009	30.330	-0.018
00.009	30.337	-0.017
00.009	30.334	-0.018
00.009	30.309	-0.018
00.008	30.299	-0.018
00.011	30.299	-0.018
00.011	30.297	-0.018
00.009	30.289	-0.018
00.009	30.290	-0.018
00.009	30.289	-0.017
00.008	30.285	-0.018
00.008	30.290	-0.018
00.009	30.285	-0.018
00.009	30.304	-0.018
00.009	30.332	-0.018
00.008	30.373	-0.018
00.009	30.413	-0.018
00.008	30.430	-0.018
00.007	30.428	-0.018
00.009	30.417	-0.018
00.008	30.396	-0.018
00.008	30.383	-0.017
00.009	30.373	-0.018
00.007	30.364	-0.017
00.008	30.360	-0.018
00.010	30.364	-0.018
00.010	30.355	-0.018
00.008	30.331	-0.018
00.009	30.307	-0.018
00.009	30.258	-0.018
00.007	30.227	-0.018
00.009	30.208	-0.018
00.009	30.209	-0.018
00.007	30.210	-0.018
00.010	30.204	-0.017
00.007	30.191	-0.018
00.010	30.182	-0.017
00.009	30.180	-0.018
00.009	30.190	-0.018
00.008	30.206	-0.018
00.008	30.224	-0.017
00.009	30.245	-0.018
00.008	30.253	-0.018
00.008	30.261	-0.018
00.006	30.261	-0.018
00.008	30.260	-0.018
00.008	30.261	-0.018
00.009	30.257	-0.018
00.008	30.253	-0.018
00.008	30.243	-0.018
00.008	30.229	-0.019
00.008	30.211	-0.018
00.009	30.191	-0.018
00.009	30.172	-0.018
00.011	30.158	-0.018
00.011	30.156	-0.018
00.010	30.154	-0.018
00.008	30.144	-0.018
00.008	30.143	-0.018
00.008	30.152	-0.018
00.009	30.167	-0.018
00.009	30.186	-0.018
00.009	30.205	-0.017
00.008	30.231	-0.018
00.008	30.248	-0.018
00.009	30.265	-0.018
00.008	30.261	-0.017
00.010	30.269	-0.017
00.008	30.271	-0.018
00.008	30.277	-0.019
00.009	30.278	-0.018
00.009	30.283	-0.018
00.007	30.294	-0.018
00.008	30.305	-0.018
00.007	30.312	-0.018
00.009	30.305	-0.018
00.008	30.299	-0.018
00.009	30.307	-0.018
00.009	30.314	-0.018
00.008	30.322	-0.018
00.008	30.328	-0.018
00.010	30.329	-0.018
00.008	30.332	-0.018
00.007	30.333	-0.018
00.008	30.337	-0.017
00.007	30.340	-0.019
00.008	30.345	-0.018
00.007	30.352	-0.018
00.009	30.356	-0.018
00.007	30.361	-0.018
00.011	30.366	-0.018
00.009	30.368	-0.019
00.007	30.364	-0.018
00.008	30.354	-0.017
00.008	30.331	-0.018
00.009	30.285	-0.019
00.008	30.253	-0.018
00.009	30.237	-0.018
00.010	30.231	-0.018
00.009	30.217	-0.018
00.009	30.220	-0.018
00.008	30.233	-0.018
00.008	30.257	-0.019
00.008	30.290	-0.018
00.007	30.326	-0.018
00.009	30.362	-0.019
00.009	30.388	-0.018
00.007	30.395	-0.018
00.010	30.379	-0.018
00.008	30.370	-0.018
00.008	30.365	-0.018
00.008	30.349	-0.018
00.010	30.348	-0.018
00.008	30.358	-0.018
00.009	30.368	-0.018
00.009	30.370	-0.019
00.009	30.370	-0.019
00.008	30.394	-0.018
00.008	30.430	-0.018
00.008	30.468	-0.018
00.010	30.507	-0.018
00.007	30.538	-0.018
00.008	30.560	-0.018
00.007	30.551	-0.019
00.007	30.531	-0.018
00.008	30.504	-0.018
00.009	30.476	-0.018
00.008	30.439	-0.018
00.009	30.396	-0.018
00.007	30.378	-0.017
00.008	30.349	-0.018
00.013	30.320	-0.018
00.011	30.303	-0.018
00.007	30.282	-0.018
00.009	30.276	-0.018
00.008	30.282	-0.017
00.008	30.293	-0.019
00.007	30.301	-0.018
00.009	30.301	-0.018
00.009	30.309	-0.018
00.009	30.313	-0.018
00.010	30.315	-0.019
00.009	30.313	-0.018
00.007	30.317	-0.019
00.011	30.317	-0.018
00.011	30.327	-0.018
00.009	30.342	-0.018
00.010	30.352	-0.018
00.008	30.372	-0.018
00.009	30.396	-0.018
00.009	30.405	-0.019
00.006	30.385	-0.019
00.008	30.362	-0.018
00.008	30.353	-0.018
00.008	30.343	-0.018
00.009	30.345	-0.018
00.007	30.352	-0.019
00.009	30.373	-0.018
00.009	30.402	-0.019
00.008	30.447	-0.019
00.009	30.486	-0.018
00.008	30.527	-0.018
00.009	30.557	-0.018
00.009	30.578	-0.018
00.010	30.591	-0.018
00.008	30.585	-0.018
00.010	30.568	-0.018
00.008	30.549	-0.018
00.008	30.532	-0.018
00.008	30.527	-0.018
00.010	30.526	-0.018
00.011	30.525	-0.018
00.009	30.515	-0.018
00.009	30.504	-0.018
00.010	30.504	-0.018
00.009	30.507	-0.018
00.010	30.512	-0.018
00.009	30.518	-0.018
00.010	30.517	-0.017
00.009	30.509	-0.018
00.009	30.499	-0.019
00.009	30.491	-0.018
00.011	30.486	-0.018
00.009	30.483	-0.018
00.009	30.474	-0.018
00.010	30.475	-0.018
00.010	30.476	-0.018
00.008	30.484	-0.018
00.007	30.478	-0.018
00.007	30.473	-0.018
00.009	30.462	-0.017
00.007	30.469	-0.018
00.010	30.478	-0.018
00.010	30.506	-0.018
00.008	30.542	-0.018
00.011	30.563	-0.019
00.009	30.579	-0.018
00.009	30.599	-0.018
00.008	30.628	-0.019
00.009	30.671	-0.019
00.009	30.701	-0.019
00.008	30.711	-0.018
00.009	30.716	-0.019
00.010	30.714	-0.018
00.011	30.698	-0.019
00.010	30.675	-0.018
00.009	30.642	-0.017
00.009	30.617	-0.018
00.008	30.591	-0.018
00.010	30.567	-0.018
00.007	30.552	-0.018
00.011	30.553	-0.018
00.008	30.547	-0.018
00.007	30.539	-0.019
00.008	30.531	-0.018
00.008	30.534	-0.018
00.008	30.556	-0.018
00.007	30.572	-0.018
00.008	30.583	-0.018
00.009	30.591	-0.018
00.008	30.600	-0.018
00.008	30.611	-0.018
00.009	30.624	-0.018
00.007	30.652	-0.018
00.010	30.676	-0.019
00.009	30.695	-0.018
00.010	30.706	-0.018
00.009	30.722	-0.018
00.009	30.728	-0.017
00.006	30.733	-0.018
00.009	30.755	-0.017
00.009	30.780	-0.019
00.008	30.803	-0.018
00.009	30.826	-0.018
00.010	30.846	-0.018
00.007	30.861	-0.017
00.008	30.882	-0.018
00.006	30.903	-0.019
00.008	30.929	-0.018
00.008	30.947	-0.018
00.009	30.969	-0.018
00.007	30.985	-0.018
00.010	30.964	-0.018
00.009	30.936	-0.018
00.010	30.893	-0.018
00.010	30.872	-0.018
00.010	30.868	-0.018
00.010	30.872	-0.018
00.007	30.885	-0.018
00.010	30.905	-0.018
00.010	30.918	-0.018
00.009	30.909	-0.018
00.009	30.892	-0.018
00.009	30.884	-0.018
00.010	30.878	-0.018
00.011	30.871	-0.019
00.010	30.870	-0.019
00.011	30.867	-0.019
00.009	30.872	-0.018
00.007	30.886	-0.018
00.009	30.904	-0.018
00.009	30.924	-0.018
00.011	30.941	-0.018
00.008	30.958	-0.018
00.009	30.973	-0.018
00.009	30.975	-0.018
00.009	30.964	-0.018
00.010	30.966	-0.018
00.009	30.966	-0.018
00.011	30.955	-0.018
00.010	30.950	-0.018
00.009	30.946	-0.019
00.011	30.949	-0.018
00.012	30.954	-0.018
00.011	30.956	-0.018
00.009	30.959	-0.018
00.010	30.970	-0.019
00.011	30.982	-0.018
00.010	30.997	-0.017
00.010	31.014	-0.018
00.009	31.032	-0.018
00.007	31.046	-0.018
00.009	31.058	-0.018
00.010	31.064	-0.018
00.010	31.062	-0.018
00.010	31.063	-0.019
00.009	31.057	-0.018
00.010	31.051	-0.018
00.008	31.049	-0.017
00.009	31.054	-0.018
00.010	31.062	-0.017
00.009	31.078	-0.018
00.009	31.092	-0.018
00.007	31.105	-0.018
00.010	31.116	-0.018
00.008	31.123	-0.018
00.008	31.124	-0.018
00.009	31.124	-0.019
00.011	31.116	-0.019
00.010	31.106	-0.017
00.008	31.096	-0.018
00.009	31.092	-0.018
00.011	31.093	-0.018
00.010	31.079	-0.018
00.010	31.072	-0.018
00.010	31.091	-0.018
00.011	31.114	-0.018
00.010	31.138	-0.018
00.010	31.159	-0.018
00.011	31.154	-0.018
00.010	31.135	-0.018
00.009	31.109	-0.018
00.008	31.097	-0.017
00.009	31.107	-0.018
00.010	31.111	-0.019
00.009	31.107	-0.018
00.008	31.116	-0.018
00.010	31.107	-0.018
00.009	31.107	-0.017
00.010	31.120	-0.018
00.008	31.149	-0.018
00.008	31.179	-0.018
00.009	31.204	-0.018
00.008	31.234	-0.018
00.008	31.249	-0.018
00.008	31.256	-0.018
00.010	31.252	-0.018
00.009	31.239	-0.018
00.011	31.214	-0.018
00.008	31.197	-0.018
00.009	31.203	-0.018
00.010	31.225	-0.018
00.007	31.261	-0.018
00.008	31.292	-0.018
00.010	31.317	-0.017
00.009	31.344	-0.018
00.010	31.355	-0.018
00.009	31.342	-0.019
00.009	31.339	-0.018
00.009	31.334	-0.018
00.008	31.325	-0.018
00.010	31.313	-0.018
00.008	31.300	-0.018
00.009	31.285	-0.018
00.010	31.269	-0.018
00.008	31.264	-0.018
00.009	31.264	-0.018
00.009	31.278	-0.018
00.010	31.303	-0.018
00.010	31.334	-0.018
00.009	31.341	-0.018
00.009	31.342	-0.018
00.007	31.335	-0.018
00.010	31.331	-0.018
00.007	31.325	-0.018
00.008	31.320	-0.018
00.008	31.326	-0.018
00.010	31.330	-0.018
00.009	31.334	-0.018
00.009	31.341	-0.019
00.004	31.342	-0.019
00.008	31.343	-0.018
00.009	31.335	-0.017
00.008	31.326	-0.018
00.011	31.314	-0.018
00.010	31.309	-0.018
00.010	31.298	-0.018
00.009	31.286	-0.018
00.007	31.270	-0.018
00.009	31.269	-0.019
00.008	31.278	-0.017
00.010	31.287	-0.018
00.010	31.304	-0.018
00.008	31.331	-0.018
00.010	31.366	-0.018
00.008	31.397	-0.019
00.008	31.422	-0.019
00.009	31.450	-0.018
00.010	31.476	-0.018
00.009	31.507	-0.018
00.009	31.533	-0.018
00.009	31.551	-0.018
00.011	31.550	-0.018
00.012	31.535	-0.018
00.010	31.499	-0.018
00.009	31.473	-0.018
00.010	31.464	-0.018
00.009	31.469	-0.018
00.008	31.489	-0.018
00.009	31.506	-0.018
00.008	31.513	-0.018
00.010	31.519	-0.018
00.009	31.530	-0.018
00.008	31.537	-0.018
00.009	31.539	-0.018
00.011	31.546	-0.019
00.011	31.555	-0.018
00.009	31.564	-0.018
00.010	31.570	-0.018
00.009	31.581	-0.018
00.009	31.592	-0.018
00.010	31.590	-0.018
00.008	31.583	-0.017
00.008	31.581	-0.018
00.009	31.582	-0.018
00.008	31.590	-0.019
00.010	31.602	-0.019
00.010	31.604	-0.018
00.010	31.596	-0.018
00.009	31.585	-0.018
00.010	31.572	-0.018
00.011	31.566	-0.018
00.011	31.561	-0.018
00.012	31.558	-0.018
00.009	31.557	-0.018
00.009	31.566	-0.018
00.010	31.578	-0.018
00.010	31.590	-0.018
00.009	31.600	-0.018
00.008	31.615	-0.018
00.010	31.635	-0.018
00.007	31.657	-0.019
00.009	31.675	-0.018
00.008	31.702	-0.018
00.009	31.720	-0.017
00.009	31.724	-0.018
00.011	31.737	-0.018
00.011	31.749	-0.018
00.009	31.764	-0.019
00.008	31.771	-0.018
00.010	31.771	-0.018
00.010	31.773	-0.018
00.011	31.776	-0.019
00.012	31.776	-0.018
00.008	31.780	-0.018
00.011	31.793	-0.018
00.009	31.811	-0.018
00.009	31.819	-0.018
00.010	31.832	-0.017
00.009	31.849	-0.018
00.009	31.866	-0.018
00.008	31.882	-0.018
00.009	31.894	-0.019
00.009	31.901	-0.018
00.010	31.913	-0.018
00.010	31.914	-0.018
00.011	31.907	-0.018
00.011	31.881	-0.018
00.010	31.869	-0.018
00.010	31.874	-0.018
00.009	31.898	-0.018
00.012	31.932	-0.019
00.008	31.956	-0.018
00.012	31.969	-0.018
00.011	31.975	-0.018
00.010	31.980	-0.018
00.008	31.979	-0.019
00.008	31.973	-0.018
00.012	31.971	-0.018
00.010	31.975	-0.018
00.011	31.978	-0.018
00.011	31.989	-0.018
00.009	32.003	-0.018
00.010	32.021	-0.018
00.010	32.039	-0.018
00.009	32.051	-0.018
00.009	32.059	-0.018
00.009	32.068	-0.018
00.009	32.076	-0.018
00.010	32.080	-0.018
00.011	32.083	-0.018
00.008	32.086	-0.018
00.010	32.092	-0.018
00.010	32.105	-0.018
00.010	32.117	-0.019
00.010	32.121	-0.018
00.009	32.128	-0.018
00.009	32.131	-0.018
00.010	32.118	-0.018
00.010	32.052	-0.018
00.010	32.023	-0.018
00.010	32.015	-0.018
00.009	32.016	-0.018
00.009	32.002	-0.018
00.008	31.992	-0.018
00.008	31.986	-0.018
00.007	31.991	-0.018
00.010	31.994	-0.018
00.009	32.004	-0.018
00.010	32.006	-0.018
00.009	32.009	-0.019
00.009	32.012	-0.019
00.011	32.010	-0.019
00.007	32.006	-0.019
00.009	31.993	-0.018
00.011	31.969	-0.018
00.009	31.944	-0.018
00.009	31.922	-0.018
00.010	31.914	-0.018
00.009	31.918	-0.018
00.010	31.919	-0.018
00.010	31.925	-0.018
00.009	31.932	-0.018
00.008	31.944	-0.018
00.009	31.975	-0.018
00.011	31.995	-0.018
00.009	31.983	-0.018
00.009	31.979	-0.018
00.009	31.982	-0.018
00.010	31.993	-0.018
00.011	31.989	-0.018
00.009	31.976	-0.018
00.008	31.970	-0.018
00.009	31.966	-0.018
00.011	31.962	-0.018
00.010	31.963	-0.018
00.012	31.976	-0.018
00.010	31.993	-0.018
00.009	31.985	-0.018
00.009	31.974	-0.018
00.008	31.985	-0.018
00.008	31.999	-0.018
00.009	32.010	-0.018
00.011	32.023	-0.018
00.011	32.044	-0.019
00.010	32.041	-0.019
00.008	32.038	-0.019
00.010	32.033	-0.018
00.012	32.018	-0.018
00.009	32.006	-0.018
00.010	31.988	-0.017
00.009	31.999	-0.018
00.011	31.985	-0.018
00.010	31.986	-0.018
00.008	31.997	-0.018
00.011	32.005	-0.018
00.011	32.016	-0.018
00.010	32.012	-0.018
00.011	32.014	-0.019
00.010	32.011	-0.018
00.012	32.012	-0.018
00.010	32.018	-0.018
00.010	32.030	-0.017
00.009	32.034	-0.018
00.012	32.036	-0.018
00.010	32.058	-0.018
00.009	32.084	-0.019
00.010	32.093	-0.018
00.009	32.110	-0.018
00.010	32.130	-0.018
00.011	32.153	-0.018
00.008	32.188	-0.018
00.008	32.214	-0.018
00.011	32.239	-0.018
00.012	32.256	-0.018
00.010	32.263	-0.019
00.011	32.264	-0.018
00.010	32.269	-0.018
00.011	32.270	-0.018
00.008	32.250	-0.018
00.007	32.241	-0.018
00.010	32.222	-0.018
00.009	32.208	-0.018
00.009	32.208	-0.019
00.010	32.209	-0.018
00.010	32.217	-0.019
00.012	32.224	-0.018
00.011	32.224	-0.018
00.010	32.227	-0.018
00.007	32.230	-0.019
00.010	32.224	-0.018
00.011	32.224	-0.018
00.010	32.237	-0.018
00.010	32.245	-0.018
00.011	32.242	-0.018
00.009	32.237	-0.018
00.009	32.241	-0.018
00.011	32.251	-0.018
00.008	32.263	-0.018
00.009	32.281	-0.018
00.009	32.291	-0.019
00.010	32.293	-0.018
00.009	32.302	-0.019
00.011	32.310	-0.018
00.010	32.309	-0.018
00.012	32.323	-0.018
00.011	32.333	-0.017
00.011	32.341	-0.018
00.011	32.346	-0.018
00.010	32.356	-0.018
00.009	32.371	-0.018
00.010	32.381	-0.018
00.009	32.385	-0.018
00.009	32.381	-0.018
00.010	32.389	-0.018
00.009	32.418	-0.018
00.010	32.430	-0.018
00.010	32.428	-0.019
00.008	32.425	-0.018
00.012	32.418	-0.018
00.011	32.422	-0.018
00.012	32.436	-0.018
00.011	32.438	-0.018
00.011	32.446	-0.017
00.011	32.447	-0.018
00.009	32.446	-0.018
00.009	32.446	-0.018
00.011	32.445	-0.017
00.011	32.438	-0.019
00.012	32.453	-0.018
00.011	32.472	-0.018
00.011	32.494	-0.018
00.009	32.506	-0.018
00.011	32.515	-0.017
00.009	32.525	-0.018
00.010	32.530	-0.018
00.009	32.543	-0.019
00.011	32.563	-0.018
00.012	32.566	-0.018
00.012	32.551	-0.018
00.011	32.529	-0.018
00.012	32.508	-0.018
00.010	32.494	-0.018
00.009	32.482	-0.018
00.011	32.486	-0.018
00.011	32.492	-0.018
00.010	32.505	-0.018
00.011	32.505	-0.018
00.007	32.497	-0.018
00.010	32.499	-0.018
00.010	32.515	-0.017
00.010	32.530	-0.017
00.010	32.543	-0.019
00.011	32.543	-0.018
00.010	32.538	-0.017
00.010	32.550	-0.019
00.010	32.550	-0.018
00.008	32.553	-0.018
00.010	32.560	-0.018
00.010	32.563	-0.019
00.011	32.568	-0.018
00.012	32.569	-0.018
00.012	32.565	-0.018
00.009	32.554	-0.019
00.010	32.553	-0.018
00.011	32.547	-0.019
00.010	32.545	-0.018
00.010	32.552	-0.018
00.010	32.564	-0.018
00.010	32.579	-0.018
00.009	32.587	-0.018
00.011	32.581	-0.018
00.010	32.582	-0.018
00.011	32.597	-0.019
00.010	32.613	-0.018
00.011	32.620	-0.018
00.010	32.626	-0.018
00.011	32.634	-0.018
00.010	32.618	-0.019
00.010	32.594	-0.018
00.008	32.586	-0.018
00.011	32.595	-0.019
00.009	32.606	-0.018
00.009	32.620	-0.019
00.011	32.627	-0.018
00.011	32.635	-0.018
00.011	32.643	-0.018
00.009	32.636	-0.018
00.009	32.630	-0.018
00.007	32.629	-0.018
00.010	32.635	-0.018
00.009	32.646	-0.018
00.010	32.649	-0.018
00.009	32.643	-0.018
00.009	32.647	-0.018
00.010	32.665	-0.018
00.009	32.695	-0.018
00.011	32.696	-0.019
00.010	32.699	-0.018
00.009	32.707	-0.019
00.010	32.706	-0.019
00.008	32.697	-0.019
00.010	32.684	-0.019
00.010	32.675	-0.019
00.008	32.678	-0.018
00.008	32.679	-0.018
00.010	32.672	-0.018
00.010	32.662	-0.018
00.009	32.665	-0.018
00.010	32.680	-0.018
00.011	32.715	-0.018
00.011	32.746	-0.018
00.009	32.765	-0.017
00.011	32.772	-0.018
00.011	32.777	-0.018
00.011	32.793	-0.018
00.012	32.807	-0.018
00.007	32.821	-0.018
00.011	32.820	-0.018
00.008	32.817	-0.018
00.008	32.817	-0.018
00.011	32.831	-0.018
00.011	32.831	-0.018
00.009	32.833	-0.018
00.010	32.842	-0.018
00.009	32.850	-0.018
00.010	32.862	-0.018
00.012	32.861	-0.018
00.010	32.861	-0.018
00.011	32.869	-0.018
00.010	32.883	-0.018
00.010	32.895	-0.019
00.010	32.906	-0.018
00.010	32.909	-0.018
00.009	32.924	-0.018
00.011	32.929	-0.018
00.011	32.925	-0.018
00.013	32.917	-0.018
00.011	32.923	-0.018
00.009	32.916	-0.019
00.009	32.937	-0.018
00.011	32.962	-0.018
00.010	32.984	-0.018
00.009	33.014	-0.018
00.011	33.043	-0.018
00.010	33.069	-0.018
00.011	33.093	-0.018
00.010	33.111	-0.018
00.010	33.128	-0.018
00.010	33.143	-0.018
00.011	33.154	-0.019
00.009	33.170	-0.019
00.011	33.189	-0.018
00.011	33.209	-0.018
00.011	33.222	-0.018
00.010	33.240	-0.018
00.009	33.253	-0.018
00.010	33.263	-0.018
00.011	33.267	-0.018
00.010	33.267	-0.018
00.010	33.270	-0.019
00.012	33.273	-0.017
00.011	33.265	-0.018
00.012	33.243	-0.018
00.011	33.218	-0.018
00.007	33.193	-0.018
00.011	33.170	-0.018
00.012	33.148	-0.019
00.010	33.132	-0.019
00.010	33.126	-0.018
00.008	33.136	-0.019
00.010	33.156	-0.018
00.010	33.187	-0.019
00.011	33.218	-0.018
00.009	33.247	-0.018
00.011	33.275	-0.018
00.008	33.291	-0.018
00.010	33.276	-0.018
00.008	33.243	-0.018
00.011	33.208	-0.018
00.010	33.176	-0.019
00.010	33.138	-0.018
00.011	33.105	-0.018
00.010	33.080	-0.018
00.011	33.061	-0.018
00.011	33.051	-0.018
00.011	33.042	-0.019
00.012	33.028	-0.018
00.011	33.019	-0.018
00.011	33.010	-0.018
00.010	32.996	-0.018
00.009	32.978	-0.019
00.012	32.969	-0.018
00.011	32.970	-0.019
00.011	32.964	-0.018
00.012	32.959	-0.019
00.011	32.963	-0.019
00.010	32.968	-0.018
00.010	32.970	-0.018
00.009	32.980	-0.018
00.011	32.993	-0.019
00.009	33.013	-0.018
00.009	33.047	-0.018
00.009	33.094	-0.018
00.008	33.142	-0.018
00.010	33.190	-0.019
00.010	33.240	-0.018
00.007	33.278	-0.018
00.009	33.305	-0.018
00.011	33.318	-0.019
00.010	33.321	-0.018
00.011	33.321	-0.018
00.009	33.323	-0.018
00.009	33.329	-0.019
00.009	33.321	-0.019
00.009	33.303	-0.018
00.010	33.286	-0.018
00.008	33.280	-0.019
00.010	33.267	-0.018
00.010	33.255	-0.019
00.011	33.246	-0.018
00.011	33.229	-0.018
00.009	33.205	-0.019
00.012	33.184	-0.018
00.008	33.164	-0.018
00.010	33.141	-0.019
00.013	33.127	-0.018
00.009	33.125	-0.019
00.011	33.116	-0.019
00.010	33.106	-0.018
00.011	33.095	-0.018
00.012	33.066	-0.018
00.011	33.038	-0.019
00.011	33.026	-0.018
00.010	33.025	-0.018
00.011	33.021	-0.019
00.010	33.014	-0.018
00.009	33.007	-0.018
00.011	33.001	-0.019
00.010	33.004	-0.018
00.008	32.993	-0.019
00.010	32.994	-0.018
00.011	32.991	-0.018
00.008	32.997	-0.019
00.009	32.989	-0.018
00.009	32.981	-0.018
00.010	32.977	-0.018
00.010	32.973	-0.018
00.008	32.972	-0.018
00.009	32.968	-0.018
00.010	32.975	-0.018
00.010	32.988	-0.018
00.010	33.001	-0.018
00.010	33.003	-0.018
00.011	32.985	-0.018
00.010	32.963	-0.018
00.010	32.952	-0.018
00.010	32.947	-0.018
00.009	32.947	-0.019
00.011	32.947	-0.018
00.011	32.947	-0.019
00.009	32.952	-0.018
00.009	32.952	-0.019
00.010	32.961	-0.018
00.010	32.972	-0.018
00.010	32.981	-0.019
00.010	32.986	-0.019
00.010	32.980	-0.018
00.009	32.980	-0.018
00.011	32.986	-0.018
00.010	32.988	-0.019
00.010	32.993	-0.018
00.009	33.003	-0.018
00.010	33.006	-0.018
00.010	33.015	-0.018
00.011	33.021	-0.018
00.011	33.025	-0.018
00.010	33.031	-0.018
00.009	33.035	-0.019
00.008	33.041	-0.018
00.010	33.049	-0.018
00.009	33.055	-0.018
00.011	33.063	-0.019
00.011	33.071	-0.019
00.011	33.071	-0.019
00.011	33.066	-0.018
00.011	33.057	-0.019
00.009	33.053	-0.018
00.010	33.053	-0.018
00.010	33.052	-0.019
00.010	33.056	-0.019
00.010	33.053	-0.018
00.010	33.058	-0.018
00.010	33.062	-0.019
00.010	33.058	-0.018
00.007	33.060	-0.019
00.012	33.058	-0.018
00.009	33.055	-0.018
00.011	33.058	-0.018
00.008	33.060	-0.019
00.009	33.067	-0.018
00.010	33.072	-0.018
00.010	33.078	-0.018
00.009	33.088	-0.018
00.011	33.094	-0.019
00.009	33.104	-0.018
00.010	33.110	-0.018
00.010	33.116	-0.019
00.010	33.121	-0.018
00.009	33.116	-0.018
00.010	33.119	-0.019
00.010	33.123	-0.019
00.011	33.125	-0.018
00.011	33.131	-0.018
00.010	33.135	-0.018
00.009	33.134	-0.018
00.009	33.126	-0.019
00.009	33.123	-0.018
00.010	33.125	-0.019
00.010	33.120	-0.018
00.010	33.112	-0.019
00.009	33.108	-0.018
00.011	33.083	-0.018
00.010	33.056	-0.018
00.010	33.028	-0.019
00.010	32.999	-0.018
00.010	32.978	-0.018
00.008	32.958	-0.019
00.011	32.961	-0.019
00.011	32.976	-0.018
00.010	32.990	-0.019
00.009	33.009	-0.019
00.010	33.027	-0.018
00.010	33.027	-0.018
00.011	33.021	-0.019
00.010	33.022	-0.018
00.011	33.028	-0.018
00.012	33.035	-0.018
00.010	33.045	-0.018
00.010	33.029	-0.018
00.011	33.026	-0.018
00.013	33.000	-0.018
00.010	32.973	-0.018
00.010	32.934	-0.019
00.012	32.913	-0.019
00.011	32.899	-0.019
00.010	32.888	-0.018
00.013	32.893	-0.019
00.013	32.876	-0.019
00.012	32.858	-0.019
00.011	32.839	-0.019
00.012	32.819	-0.019
00.010	32.817	-0.018
00.011	32.819	-0.019
00.011	32.819	-0.019
00.012	32.814	-0.018
00.012	32.825	-0.018
00.010	32.841	-0.018
00.015	32.875	-0.019
00.013	32.903	-0.018
00.014	32.944	-0.019
00.014	32.983	-0.019
00.013	33.034	-0.019
00.010	33.083	-0.018
00.011	33.139	-0.018
00.011	33.170	-0.019
00.012	33.184	-0.019
00.011	33.208	-0.018
00.014	33.212	-0.018
00.011	33.219	-0.019
00.015	33.214	-0.018
00.014	33.203	-0.018
00.013	33.193	-0.018
00.011	33.194	-0.018
00.018	33.194	-0.018
00.011	33.171	-0.018
00.014	33.180	-0.018
00.011	33.215	-0.018
00.010	33.239	-0.018
00.013	33.262	-0.019
00.015	33.291	-0.018
00.011	33.303	-0.018
00.014	33.302	-0.018
00.011	33.291	-0.018
00.011	33.304	-0.018
00.012	33.340	-0.018
00.011	33.375	-0.018
00.011	33.409	-0.018
00.010	33.433	-0.018
00.012	33.471	-0.019
00.011	33.515	-0.019
00.009	33.532	-0.018
00.011	33.553	-0.018
00.014	33.576	-0.018
00.010	33.580	-0.018
00.010	33.576	-0.018
00.008	33.564	-0.019
00.012	33.548	-0.018
00.011	33.501	-0.018
00.012	33.457	-0.018
00.010	33.452	-0.019
00.010	33.483	-0.018
00.011	33.521	-0.019
00.008	33.554	-0.018
00.010	33.581	-0.019
00.009	33.601	-0.018
00.009	33.605	-0.018
00.011	33.621	-0.019
00.011	33.636	-0.018
00.010	33.655	-0.019
00.009	33.652	-0.019
00.012	33.629	-0.018
00.009	33.594	-0.018
00.009	33.558	-0.018
00.011	33.542	-0.018
00.009	33.526	-0.018
00.011	33.501	-0.018
00.009	33.483	-0.019
00.009	33.488	-0.018
00.010	33.484	-0.019
00.010	33.490	-0.017
00.011	33.512	-0.019
00.010	33.521	-0.018
00.011	33.522	-0.018
00.010	33.519	-0.018
00.009	33.526	-0.019
00.011	33.537	-0.018
00.009	33.553	-0.018
00.010	33.559	-0.018
00.011	33.555	-0.019
00.011	33.556	-0.018
00.009	33.560	-0.018
00.011	33.558	-0.018
00.012	33.545	-0.019
00.008	33.537	-0.019
00.008	33.527	-0.018
00.008	33.525	-0.018
00.009	33.498	-0.018
00.008	33.444	-0.018
00.006	33.393	-0.019
00.004	33.301	-0.019
00.004	33.205	-0.018
00.005	33.117	-0.018
00.004	33.086	-0.018
00.005	33.103	-0.019
00.005	33.119	-0.018
00.004	33.115	-0.019
00.004	33.121	-0.019
00.005	33.055	-0.019
00.006	32.947	-0.018
00.005	32.901	-0.019
00.005	32.832	-0.018
00.005	32.763	-0.019
00.007	32.674	-0.018
00.004	32.664	-0.018
00.004	32.676	-0.018
00.003	32.705	-0.018
00.005	32.742	-0.019
00.005	32.750	-0.018
00.004	32.752	-0.017
00.004	32.756	-0.019
00.006	32.740	-0.018
00.002	32.639	-0.018
00.004	32.595	-0.018
00.003	32.604	-0.019
00.004	32.611	-0.019
00.002	32.619	-0.018
00.003	32.567	-0.018
00.002	32.504	-0.018
00.001	32.435	-0.019
00.003	32.370	-0.019
00.003	32.307	-0.019
00.005	32.236	-0.018
00.003	32.134	-0.019
00.001	32.027	-0.019
00.002	31.916	-0.019
00.002	31.853	-0.018
00.003	31.893	-0.018
00.004	31.984	-0.018
00.002	32.104	-0.018
00.002	32.194	-0.018
00.002	32.271	-0.018
00.002	32.353	-0.018
00.001	32.441	-0.018
-0.001	32.506	-0.018
00.002	32.540	-0.018
00.004	32.549	-0.018
00.003	32.583	-0.018
-0.002	32.644	-0.018
-0.001	32.680	-0.019
-0.002	32.725	-0.018
-0.000	32.771	-0.018
-0.002	32.816	-0.018
-0.000	32.867	-0.018
-0.003	32.907	-0.018
-0.002	32.933	-0.019
-0.003	32.940	-0.018
-0.000	32.907	-0.018
-0.002	32.823	-0.018
-0.001	32.780	-0.018
-0.003	32.798	-0.019
-0.001	32.839	-0.018
-0.002	32.889	-0.017
00.001	32.899	-0.018
-0.004	32.827	-0.017
00.002	32.775	-0.019
-0.002	32.806	-0.019
-0.003	32.844	-0.018
-0.002	32.881	-0.019
-0.004	32.894	-0.018
-0.006	32.859	-0.018
-0.003	32.874	-0.019
-0.004	32.899	-0.019
-0.005	32.928	-0.018
-0.003	32.959	-0.018
-0.004	32.984	-0.018
-0.002	33.028	-0.019
-0.002	33.070	-0.019
00.000	33.107	-0.019
-0.003	33.129	-0.019
-0.003	33.147	-0.018
-0.003	33.163	-0.018
-0.005	33.185	-0.019
-0.004	33.208	-0.019
-0.002	33.230	-0.018
-0.002	33.247	-0.018
-0.004	33.261	-0.019
-0.003	33.270	-0.018
-0.003	33.271	-0.018
-0.001	33.267	-0.018
-0.002	33.262	-0.018
-0.002	33.257	-0.018
-0.003	33.239	-0.018
-0.001	33.235	-0.019
-0.003	33.213	-0.019
-0.002	33.207	-0.018
-0.002	33.209	-0.018
-0.003	33.201	-0.019
-0.001	33.187	-0.019
-0.003	33.187	-0.019
-0.004	33.194	-0.018
-0.005	33.215	-0.019
-0.001	33.225	-0.019
-0.003	33.230	-0.018
-0.003	33.235	-0.019
-0.004	33.239	-0.019
-0.002	33.249	-0.018
-0.003	33.268	-0.018
-0.002	33.276	-0.018
-0.003	33.282	-0.018
-0.003	33.293	-0.019
-0.002	33.299	-0.019
-0.002	33.310	-0.018
-0.003	33.320	-0.019
-0.003	33.325	-0.019
-0.003	33.335	-0.019
-0.004	33.344	-0.019
-0.003	33.349	-0.019
-0.003	33.357	-0.019
-0.002	33.360	-0.018
-0.003	33.364	-0.019
-0.004	33.367	-0.018
-0.002	33.372	-0.019
-0.004	33.378	-0.019
-0.003	33.379	-0.019
-0.002	33.375	-0.019
-0.001	33.371	-0.019
-0.001	33.370	-0.019
-0.005	33.367	-0.018
-0.001	33.363	-0.018
-0.003	33.361	-0.019
-0.004	33.351	-0.019
-0.003	33.340	-0.018
-0.004	33.331	-0.018
-0.001	33.328	-0.018
-0.004	33.326	-0.018
-0.004	33.320	-0.018
-0.002	33.317	-0.019
-0.003	33.305	-0.018
-0.003	33.306	-0.019
-0.002	33.299	-0.019
-0.004	33.297	-0.018
-0.002	33.293	-0.019
-0.002	33.291	-0.019
-0.003	33.292	-0.019
-0.004	33.292	-0.019
-0.001	33.278	-0.019
-0.002	33.251	-0.018
-0.002	33.213	-0.019
-0.002	33.174	-0.018
-0.001	33.133	-0.019
-0.004	33.099	-0.018
-0.002	33.074	-0.019
-0.002	33.047	-0.019
-0.002	33.030	-0.019
-0.003	33.044	-0.018
-0.003	33.053	-0.019
-0.002	33.019	-0.019
-0.003	33.015	-0.019
-0.002	33.011	-0.019
-0.002	32.989	-0.019
-0.001	32.965	-0.019
-0.004	32.993	-0.018
-0.002	33.026	-0.019
-0.002	33.036	-0.019
-0.005	33.057	-0.019
-0.003	33.090	-0.018
-0.002	33.119	-0.018
-0.002	33.138	-0.019
-0.002	33.156	-0.019
-0.004	33.172	-0.019
-0.001	33.188	-0.018
-0.002	33.198	-0.019
-0.002	33.205	-0.019
-0.001	33.211	-0.019
-0.001	33.215	-0.018
-0.002	33.219	-0.019
-0.003	33.223	-0.018
-0.002	33.219	-0.018
-0.002	33.215	-0.019
-0.003	33.206	-0.019
-0.003	33.201	-0.019
-0.004	33.185	-0.018
-0.002	33.187	-0.018
-0.004	33.174	-0.019
-0.002	33.159	-0.018
-0.001	33.152	-0.018
-0.002	33.155	-0.019
-0.001	33.150	-0.019
-0.003	33.158	-0.019
-0.000	33.166	-0.019
-0.005	33.175	-0.018
-0.002	33.185	-0.018
-0.001	33.181	-0.019
-0.005	33.181	-0.018
-0.005	33.176	-0.018
-0.003	33.157	-0.019
-0.002	33.143	-0.019
-0.000	33.136	-0.019
-0.000	33.133	-0.019
-0.001	33.135	-0.017
-0.003	33.124	-0.019
-0.001	33.108	-0.018
